acceleration:x,y,z,Orientation:yaw,pitch,roll-8.33638, 5.22426, -1.34811
-0.413357-0.5333911.71525
-8.33638, 5.22426, -1.34811
-0.413357-0.5333911.71525
-8.33638, 5.22426, -1.34811
-0.413357-0.5333911.71525
-8.33638, 5.22426, -1.34811
-0.412909-0.5323971.71621
-8.63393, 5.13618, -1.22195
-0.412909-0.5323971.71621
-8.63393, 5.13618, -1.22195
-0.412909-0.5323971.71621
-8.63393, 5.13618, -1.22195
-0.412909-0.5323971.71621
-8.63393, 5.13618, -1.22195
-0.413535-0.531241.71617
-8.64107, 5.06239, -1.45999
-0.413535-0.531241.71617
-8.64107, 5.06239, -1.45999
-0.415153-0.5303161.71495
-8.64107, 5.06239, -1.45999
-0.415153-0.5303161.71495
-8.64107, 5.06239, -1.45999
-0.415153-0.5303161.71495
-8.70772, 4.92671, -0.764923
-0.415153-0.5303161.71495
-8.70772, 4.92671, -0.764923
-0.415153-0.5303161.71495
-8.70772, 4.92671, -0.764923
-0.415153-0.5303161.71495
-8.70772, 4.92671, -0.764923
-0.418196-0.5302771.71249
-8.08882, 5.33852, -0.714935
-0.418196-0.5302771.71249
-8.08882, 5.33852, -0.714935
-0.418196-0.5302771.71249
-8.08882, 5.33852, -0.714935
-0.418196-0.5302771.71249
-8.08882, 5.33852, -0.714935
-0.421099-0.5311931.70898
-7.946, 5.42659, -0.902985
-0.421099-0.5311931.70898
-7.946, 5.42659, -0.902985
-0.423485-0.5322131.70607
-7.946, 5.42659, -0.902985
-0.423485-0.5322131.70607
-7.946, 5.42659, -0.902985
-0.423485-0.5322131.70607
-8.8791, 5.70747, -0.669708
-0.423485-0.5322131.70607
-8.8791, 5.70747, -0.669708
-0.423485-0.5322131.70607
-8.8791, 5.70747, -0.669708
-0.423485-0.5322131.70607
-8.8791, 5.70747, -0.669708
-0.424624-0.5320811.7042
-10.174, 5.9836, -0.460236
-0.424624-0.5320811.7042
-10.174, 5.9836, -0.460236
-0.424624-0.5320811.7042
-10.174, 5.9836, -0.460236
-0.424624-0.5320811.7042
-10.174, 5.9836, -0.460236
-0.424301-0.5320071.7029
-10.9453, 6.55013, -0.881561
-0.424301-0.5320071.7029
-10.9453, 6.55013, -0.881561
-0.424301-0.5320071.7029
-10.9453, 6.55013, -0.881561
-0.424301-0.5320071.7029
-10.9453, 6.55013, -0.881561
-0.421989-0.5340411.70263
-11.9545, 7.1714, -0.669708
-0.421989-0.5340411.70263
-11.9545, 7.1714, -0.669708
-0.421989-0.5340411.70263
-11.9545, 7.1714, -0.669708
-0.421989-0.5340411.70263
-11.9545, 7.1714, -0.669708
-0.418912-0.5392541.70476
-14.2254, 8.00929, 0.234833
-0.418912-0.5392541.70476
-14.2254, 8.00929, 0.234833
-0.418912-0.5392541.70476
-14.2254, 8.00929, 0.234833
-0.418912-0.5392541.70476
-14.2254, 8.00929, 0.234833
-0.413957-0.5482821.71224
-12.702, 7.98549, -2.0527
-0.413957-0.5482821.71224
-12.702, 7.98549, -2.0527
-0.413957-0.5482821.71224
-12.702, 7.98549, -2.0527
-0.413957-0.5482821.71224
-12.702, 7.98549, -2.0527
-0.403924-0.5614341.72613
-15.8465, 9.67317, -3.61423
-0.403924-0.5614341.72613
-15.8465, 9.67317, -3.61423
-0.403924-0.5614341.72613
-15.8465, 9.67317, -3.61423
-0.403924-0.5614341.72613
-15.8465, 9.67317, -3.61423
-0.393482-0.577451.73863
-19.5908, 11.687, -2.36215
-0.393482-0.577451.73863
-19.5908, 11.687, -2.36215
-0.393482-0.577451.73863
-19.5908, 11.687, -2.36215
-0.393482-0.577451.73863
-19.5908, 11.687, -2.36215
-0.387865-0.5981711.74318
-19.5908, 12.2059, -2.40976
-0.387865-0.5981711.74318
-19.5908, 12.2059, -2.40976
-0.387865-0.5981711.74318
-19.5908, 12.2059, -2.40976
-0.387865-0.5981711.74318
-19.5908, 12.2059, -2.40976
-0.382031-0.6341491.74933
-19.5908, 11.3632, -5.4733
-0.382031-0.6341491.74933
-19.5908, 11.3632, -5.4733
-0.382031-0.6341491.74933
-19.5908, 11.3632, -5.4733
-0.382031-0.6341491.74933
-19.5908, 11.3632, -5.4733
-0.372599-0.6942631.76287
-19.5908, 10.1207, -5.45187
-0.372599-0.6942631.76287
-19.5908, 10.1207, -5.45187
-0.366984-0.770961.77182
-19.5908, 10.1207, -5.45187
-0.366984-0.770961.77182
-19.5908, 10.1207, -5.45187
-0.366984-0.770961.77182
-18.3197, 9.42323, -3.37381
-0.366984-0.770961.77182
-18.3197, 9.42323, -3.37381
-0.366984-0.770961.77182
-18.3197, 9.42323, -3.37381
-0.366984-0.770961.77182
-18.3197, 9.42323, -3.37381
-0.371017-0.8642721.7627
-14.9943, 8.49489, 0.0277405
-0.371017-0.8642721.7627
-14.9943, 8.49489, 0.0277405
-0.371017-0.8642721.7627
-14.9943, 8.49489, 0.0277405
-0.371017-0.8642721.7627
-14.9943, 8.49489, 0.0277405
-0.381017-0.9710011.74037
-14.7515, 6.88814, 1.97726
-0.381017-0.9710011.74037
-14.7515, 6.88814, 1.97726
-0.381017-0.9710011.74037
-14.7515, 6.88814, 1.97726
-0.385312-1.079361.72434
-14.7515, 6.88814, 1.97726
-0.385312-1.079361.72434
-10.4573, 4.37923, 0.430023
-0.385312-1.079361.72434
-10.4573, 4.37923, 0.430023
-0.385312-1.079361.72434
-10.4573, 4.37923, 0.430023
-0.385312-1.079361.72434
-10.4573, 4.37923, 0.430023
-0.360543-1.198691.74161
-7.08669, 2.29402, -1.87418
-0.360543-1.198691.74161
-7.08669, 2.29402, -1.87418
-0.360543-1.198691.74161
-7.08669, 2.29402, -1.87418
-0.360543-1.198691.74161
-7.08669, 2.29402, -1.87418
-0.281857-1.311841.82257
-8.56013, -0.162521, -2.94772
-0.281857-1.311841.82257
-8.56013, -0.162521, -2.94772
-0.281857-1.311841.82257
-8.56013, -0.162521, -2.94772
-0.281857-1.311841.82257
-8.56013, -0.162521, -2.94772
-0.0782603-1.418862.03334
-5.93221, -1.57646, -2.91678
-0.0782603-1.418862.03334
-5.93221, -1.57646, -2.91678
-0.0782603-1.418862.03334
-5.93221, -1.57646, -2.91678
-0.0782603-1.418862.03334
-5.93221, -1.57646, -2.91678
0.776557-1.504032.89031
-2.68776, -3.20702, 1.76541
0.776557-1.504032.89031
-2.68776, -3.20702, 1.76541
0.776557-1.504032.89031
-2.68776, -3.20702, 1.76541
0.776557-1.504032.89031
-2.68776, -3.20702, 1.76541
2.12704-1.452-2.04342
0.625717, -4.75188, 2.35098
2.12704-1.452-2.04342
0.625717, -4.75188, 2.35098
2.12704-1.452-2.04342
0.625717, -4.75188, 2.35098
2.12704-1.452-2.04342
0.625717, -4.75188, 2.35098
2.42327-1.33045-1.74763
4.03679, -5.44933, -1.75992
2.42327-1.33045-1.74763
4.03679, -5.44933, -1.75992
2.42327-1.33045-1.74763
4.03679, -5.44933, -1.75992
2.42327-1.33045-1.74763
4.03679, -5.44933, -1.75992
2.48857-1.21055-1.67901
4.91753, -5.73259, -1.241
2.48857-1.21055-1.67901
4.91753, -5.73259, -1.241
2.48857-1.21055-1.67901
4.91753, -5.73259, -1.241
2.48857-1.21055-1.67901
4.91753, -5.73259, -1.241
2.50724-1.09828-1.6548
7.98582, -5.71593, -0.443573
2.50724-1.09828-1.6548
7.98582, -5.71593, -0.443573
2.50724-1.09828-1.6548
7.98582, -5.71593, -0.443573
2.50724-1.09828-1.6548
7.98582, -5.71593, -0.443573
2.52053-0.997576-1.6379
9.61162, -6.26579, -0.798248
2.52053-0.997576-1.6379
9.61162, -6.26579, -0.798248
2.52053-0.997576-1.6379
9.61162, -6.26579, -0.798248
2.52053-0.997576-1.6379
9.61162, -6.26579, -0.798248
2.52829-0.905008-1.62481
11.1946, -6.13725, -1.78372
2.52829-0.905008-1.62481
11.1946, -6.13725, -1.78372
2.52829-0.905008-1.62481
11.1946, -6.13725, -1.78372
2.52829-0.905008-1.62481
11.1946, -6.13725, -1.78372
2.53165-0.835946-1.61327
11.6944, -5.6469, -0.703033
2.53165-0.835946-1.61327
11.6944, -5.6469, -0.703033
2.53165-0.835946-1.61327
11.6944, -5.6469, -0.703033
2.53165-0.835946-1.61327
11.6944, -5.6469, -0.703033
2.5373-0.780353-1.59901
11.923, -4.98753, 0.963226
2.5373-0.780353-1.59901
11.923, -4.98753, 0.963226
2.5373-0.780353-1.59901
11.923, -4.98753, 0.963226
2.5373-0.780353-1.59901
11.923, -4.98753, 0.963226
2.54885-0.741314-1.58433
11.9206, -4.29961, 1.01797
2.54885-0.741314-1.58433
11.9206, -4.29961, 1.01797
2.54885-0.741314-1.58433
11.9206, -4.29961, 1.01797
2.56021-0.717835-1.57463
11.9206, -4.29961, 1.01797
2.56021-0.717835-1.57463
11.1827, -3.53789, 0.291962
2.56021-0.717835-1.57463
11.1827, -3.53789, 0.291962
2.56021-0.717835-1.57463
11.1827, -3.53789, 0.291962
2.56021-0.717835-1.57463
11.1827, -3.53789, 0.291962
2.56862-0.709501-1.56998
11.6944, -2.60002, -0.586395
2.56862-0.709501-1.56998
11.6944, -2.60002, -0.586395
2.57554-0.715306-1.56566
11.6944, -2.60002, -0.586395
2.57554-0.715306-1.56566
11.6944, -2.60002, -0.586395
2.57554-0.715306-1.56566
10.2091, -2.04063, 2.10818
2.57554-0.715306-1.56566
10.2091, -2.04063, 2.10818
2.57554-0.715306-1.56566
10.2091, -2.04063, 2.10818
2.57554-0.715306-1.56566
10.2091, -2.04063, 2.10818
2.58972-0.737993-1.55618
7.17888, -1.8502, 1.47263
2.58972-0.737993-1.55618
7.17888, -1.8502, 1.47263
2.58972-0.737993-1.55618
7.17888, -1.8502, 1.47263
2.58972-0.737993-1.55618
7.17888, -1.8502, 1.47263
2.60624-0.772564-1.5484
8.69518, -0.260117, -3.04532
2.60624-0.772564-1.5484
8.69518, -0.260117, -3.04532
2.60624-0.772564-1.5484
8.69518, -0.260117, -3.04532
2.60624-0.772564-1.5484
8.69518, -0.260117, -3.04532
2.61877-0.814403-1.55053
10.4686, 0.54921, 2.31766
2.61877-0.814403-1.55053
10.4686, 0.54921, 2.31766
2.61877-0.814403-1.55053
10.4686, 0.54921, 2.31766
2.61877-0.814403-1.55053
10.4686, 0.54921, 2.31766
2.63702-0.864039-1.54841
9.007, 0.780106, 6.1572
2.63702-0.864039-1.54841
9.007, 0.780106, 6.1572
2.63702-0.864039-1.54841
9.007, 0.780106, 6.1572
2.63702-0.864039-1.54841
9.007, 0.780106, 6.1572
2.67026-0.932999-1.52693
6.1458, 0.16835, 2.8223
2.67026-0.932999-1.52693
6.1458, 0.16835, 2.8223
2.67026-0.932999-1.52693
6.1458, 0.16835, 2.8223
2.67026-0.932999-1.52693
6.1458, 0.16835, 2.8223
2.68822-1.02628-1.51076
5.14366, 2.02504, -2.17648
2.68822-1.02628-1.51076
5.14366, 2.02504, -2.17648
2.68822-1.02628-1.51076
5.14366, 2.02504, -2.17648
2.68822-1.02628-1.51076
5.14366, 2.02504, -2.17648
2.67688-1.14013-1.52045
2.19676, 3.0843, 0.825165
2.67688-1.14013-1.52045
2.19676, 3.0843, 0.825165
2.67688-1.14013-1.52045
2.19676, 3.0843, 0.825165
2.67688-1.14013-1.52045
2.19676, 3.0843, 0.825165
2.66315-1.27381-1.53264
-5.96315, 3.2914, 3.61258
2.66315-1.27381-1.53264
-5.96315, 3.2914, 3.61258
2.66315-1.27381-1.53264
-5.96315, 3.2914, 3.61258
2.66315-1.27381-1.53264
-5.96315, 3.2914, 3.61258
2.68878-1.43137-1.50083
-14.3706, 4.57918, 1.48691
2.68878-1.43137-1.50083
-14.3706, 4.57918, 1.48691
2.68878-1.43137-1.50083
-14.3706, 4.57918, 1.48691
2.68878-1.43137-1.50083
-14.3706, 4.57918, 1.48691
-0.543122-1.538551.56076
-9.49562, 7.79744, -4.24979
-0.543122-1.538551.56076
-9.49562, 7.79744, -4.24979
-0.543122-1.538551.56076
-9.49562, 7.79744, -4.24979
-0.543122-1.538551.56076
-9.49562, 7.79744, -4.24979
-0.437288-1.377191.66332
-8.94814, 8.32112, 4.1553
-0.437288-1.377191.66332
-8.94814, 8.32112, 4.1553
-0.437288-1.377191.66332
-8.94814, 8.32112, 4.1553
-0.44174-1.233351.64257
-8.94814, 8.32112, 4.1553
-0.44174-1.233351.64257
-14.9538, 8.27113, 6.30002
-0.44174-1.233351.64257
-14.9538, 8.27113, 6.30002
-0.44174-1.233351.64257
-14.9538, 8.27113, 6.30002
-0.44174-1.233351.64257
-14.9538, 8.27113, 6.30002
-0.443855-1.088221.62116
-19.5908, 7.48085, -0.534027
-0.443855-1.088221.62116
-19.5908, 7.48085, -0.534027
-0.405609-0.9422841.65364
-19.5908, 7.48085, -0.534027
-0.405609-0.9422841.65364
-19.5908, 7.48085, -0.534027
-0.405609-0.9422841.65364
-19.5908, 8.17116, -3.15482
-0.405609-0.9422841.65364
-19.5908, 8.17116, -3.15482
-0.405609-0.9422841.65364
-19.5908, 8.17116, -3.15482
-0.358688-0.8063581.70508
-19.5908, 8.17116, -3.15482
-0.358688-0.8063581.70508
-19.5908, 7.91408, -6.1279
-0.358688-0.8063581.70508
-19.5908, 7.91408, -6.1279
-0.358688-0.8063581.70508
-19.5908, 7.91408, -6.1279
-0.358688-0.8063581.70508
-19.5908, 7.91408, -6.1279
-0.323318-0.7123751.73904
-19.5908, 8.47346, -7.86319
-0.323318-0.7123751.73904
-19.5908, 8.47346, -7.86319
-0.323318-0.7123751.73904
-19.5908, 8.47346, -7.86319
-0.323318-0.7123751.73904
-19.5908, 8.47346, -7.86319
-0.298458-0.6611841.74864
-14.4468, 8.56392, -4.03793
-0.298458-0.6611841.74864
-14.4468, 8.56392, -4.03793
-0.298458-0.6611841.74864
-14.4468, 8.56392, -4.03793
-0.298458-0.6611841.74864
-14.4468, 8.56392, -4.03793
-0.290417-0.6413841.7354
-10.0741, 7.93788, -2.00986
-0.290417-0.6413841.7354
-10.0741, 7.93788, -2.00986
-0.290417-0.6413841.7354
-10.0741, 7.93788, -2.00986
-0.290417-0.6413841.7354
-10.0741, 7.93788, -2.00986
-0.293524-0.6335131.71839
-10.2026, 7.42848, -1.74326
-0.293524-0.6335131.71839
-10.2026, 7.42848, -1.74326
-0.293524-0.6335131.71839
-10.2026, 7.42848, -1.74326
-0.293524-0.6335131.71839
-10.2026, 7.42848, -1.74326
-0.299679-0.62161.70993
-11.8331, 6.73103, -1.33383
-0.299679-0.62161.70993
-11.8331, 6.73103, -1.33383
-0.299679-0.62161.70993
-11.8331, 6.73103, -1.33383
-0.299679-0.62161.70993
-11.8331, 6.73103, -1.33383
-0.305509-0.6051571.70721
-10.8429, 6.53346, -0.660187
-0.305509-0.6051571.70721
-10.8429, 6.53346, -0.660187
-0.305509-0.6051571.70721
-10.8429, 6.53346, -0.660187
-0.305509-0.6051571.70721
-10.8429, 6.53346, -0.660187
-0.308163-0.5914881.70597
-9.80269, 6.2621, -0.741119
-0.308163-0.5914881.70597
-9.80269, 6.2621, -0.741119
-0.308163-0.5914881.70597
-9.80269, 6.2621, -0.741119
-0.308163-0.5914881.70597
-9.80269, 6.2621, -0.741119
-0.306527-0.5837881.70583
-9.61226, 5.80745, -1.57901
-0.306527-0.5837881.70583
-9.61226, 5.80745, -1.57901
-0.306527-0.5837881.70583
-9.61226, 5.80745, -1.57901
-0.306527-0.5837881.70583
-9.61226, 5.80745, -1.57901
-0.301815-0.5795731.70757
-9.00764, 5.51704, -1.83371
-0.301815-0.5795731.70757
-9.00764, 5.51704, -1.83371
-0.301815-0.5795731.70757
-9.00764, 5.51704, -1.83371
-0.301815-0.5795731.70757
-9.00764, 5.51704, -1.83371
-0.298006-0.5773191.70953
-9.39326, 5.50752, -0.905365
-0.298006-0.5773191.70953
-9.39326, 5.50752, -0.905365
-0.298006-0.5773191.70953
-9.39326, 5.50752, -0.905365
-0.296276-0.5775971.70913
-9.39326, 5.50752, -0.905365
-0.296276-0.5775971.70913
-8.91481, 5.44325, -0.7435
-0.296276-0.5775971.70913
-8.91481, 5.44325, -0.7435
-0.296276-0.5775971.70913
-8.91481, 5.44325, -0.7435
-0.296276-0.5775971.70913
-8.91481, 5.44325, -0.7435
-0.293121-0.5804931.707
-8.03169, 5.25282, -1.74088
-0.293121-0.5804931.707
-8.03169, 5.25282, -1.74088
-0.286831-0.5846711.70746
-8.03169, 5.25282, -1.74088
-0.286831-0.5846711.70746
-8.03169, 5.25282, -1.74088
-0.286831-0.5846711.70746
-8.25783, 5.06477, -2.01462
-0.286831-0.5846711.70746
-8.25783, 5.06477, -2.01462
-0.286831-0.5846711.70746
-8.25783, 5.06477, -2.01462
-0.286831-0.5846711.70746
-8.25783, 5.06477, -2.01462
-0.282343-0.5875421.70964
-9.06477, 4.80293, -1.20291
-0.282343-0.5875421.70964
-9.06477, 4.80293, -1.20291
-0.282343-0.5875421.70964
-9.06477, 4.80293, -1.20291
-0.282343-0.5875421.70964
-9.06477, 4.80293, -1.20291
-0.28095-0.5895091.70994
-10.0383, 4.77437, -1.82657
-0.28095-0.5895091.70994
-10.0383, 4.77437, -1.82657
-0.28095-0.5895091.70994
-10.0383, 4.77437, -1.82657
-0.28095-0.5895091.70994
-10.0383, 4.77437, -1.82657
-0.279339-0.591961.70943
-9.56941, 4.94814, -2.89297
-0.279339-0.591961.70943
-9.56941, 4.94814, -2.89297
-0.279339-0.591961.70943
-9.56941, 4.94814, -2.89297
-0.279339-0.591961.70943
-9.56941, 4.94814, -2.89297
-0.278068-0.5967831.7087
-8.37923, 5.42659, -1.07675
-0.278068-0.5967831.7087
-8.37923, 5.42659, -1.07675
-0.278068-0.5967831.7087
-8.37923, 5.42659, -1.07675
-0.278068-0.5967831.7087
-8.37923, 5.42659, -1.07675
-0.280661-0.6044041.70564
-8.61488, 5.56941, -0.931549
-0.280661-0.6044041.70564
-8.61488, 5.56941, -0.931549
-0.280661-0.6044041.70564
-8.61488, 5.56941, -0.931549
-0.280661-0.6044041.70564
-8.61488, 5.56941, -0.931549
-0.283264-0.6123641.70209
-9.35042, 5.71223, -2.00986
-0.283264-0.6123641.70209
-9.35042, 5.71223, -2.00986
-0.283264-0.6123641.70209
-9.35042, 5.71223, -2.00986
-0.283264-0.6123641.70209
-9.35042, 5.71223, -2.00986
-0.281848-0.6191651.70281
-8.43398, 6.10262, -2.41928
-0.281848-0.6191651.70281
-8.43398, 6.10262, -2.41928
-0.281848-0.6191651.70281
-8.43398, 6.10262, -2.41928
-0.281848-0.6191651.70281
-8.43398, 6.10262, -2.41928
-0.278185-0.6281951.70485
-7.11763, 6.56917, -1.14102
-0.278185-0.6281951.70485
-7.11763, 6.56917, -1.14102
-0.278185-0.6281951.70485
-7.11763, 6.56917, -1.14102
-0.278185-0.6281951.70485
-7.11763, 6.56917, -1.14102
-0.272793-0.6399511.70681
-7.39613, 6.35732, -0.87204
-0.272793-0.6399511.70681
-7.39613, 6.35732, -0.87204
-0.272793-0.6399511.70681
-7.39613, 6.35732, -0.87204
-0.272793-0.6399511.70681
-7.39613, 6.35732, -0.87204
-0.25976-0.6514811.71487
-7.37233, 5.61226, -3.4357
-0.25976-0.6514811.71487
-7.37233, 5.61226, -3.4357
-0.25976-0.6514811.71487
-7.37233, 5.61226, -3.4357
-0.25976-0.6514811.71487
-7.37233, 5.61226, -3.4357
-0.235045-0.6574561.73342
-6.84865, 5.11476, -6.06839
-0.235045-0.6574561.73342
-6.84865, 5.11476, -6.06839
-0.235045-0.6574561.73342
-6.84865, 5.11476, -6.06839
-0.235045-0.6574561.73342
-6.84865, 5.11476, -6.06839
-0.201383-0.6571911.76492
-7.09859, 3.72224, -8.81534
-0.201383-0.6571911.76492
-7.09859, 3.72224, -8.81534
-0.201383-0.6571911.76492
-7.09859, 3.72224, -8.81534
-0.201383-0.6571911.76492
-7.09859, 3.72224, -8.81534
-0.167626-0.6491841.80852
-8.46492, 1.56087, -12.3669
-0.167626-0.6491841.80852
-8.46492, 1.56087, -12.3669
-0.140299-0.634611.85826
-8.46492, 1.56087, -12.3669
-0.140299-0.634611.85826
-8.46492, 1.56087, -12.3669
-0.140299-0.634611.85826
-7.71034, 0.158829, -14.1878
-0.140299-0.634611.85826
-7.71034, 0.158829, -14.1878
-0.140299-0.634611.85826
-7.71034, 0.158829, -14.1878
-0.140299-0.634611.85826
-7.71034, 0.158829, -14.1878
-0.130501-0.6213941.89734
-6.46541, -1.58122, -14.9972
-0.130501-0.6213941.89734
-6.46541, -1.58122, -14.9972
-0.130501-0.6213941.89734
-6.46541, -1.58122, -14.9972
-0.145788-0.6121581.92314
-6.46541, -1.58122, -14.9972
-0.145788-0.6121581.92314
-7.48659, -2.00255, -14.4449
-0.145788-0.6121581.92314
-7.48659, -2.00255, -14.4449
-0.145788-0.6121581.92314
-7.48659, -2.00255, -14.4449
-0.145788-0.6121581.92314
-7.48659, -2.00255, -14.4449
-0.193376-0.6044141.93299
-10.1621, -0.759995, -7.34665
-0.193376-0.6044141.93299
-10.1621, -0.759995, -7.34665
-0.193376-0.6044141.93299
-10.1621, -0.759995, -7.34665
-0.193376-0.6044141.93299
-10.1621, -0.759995, -7.34665
-0.276027-0.5980591.92376
-10.3787, 0.437332, -1.67422
-0.276027-0.5980591.92376
-10.3787, 0.437332, -1.67422
-0.276027-0.5980591.92376
-10.3787, 0.437332, -1.67422
-0.276027-0.5980591.92376
-10.3787, 0.437332, -1.67422
-0.384931-0.593861.89667
-11.6713, 2.60347, 2.81277
-0.384931-0.593861.89667
-11.6713, 2.60347, 2.81277
-0.384931-0.593861.89667
-11.6713, 2.60347, 2.81277
-0.384931-0.593861.89667
-11.6713, 2.60347, 2.81277
-0.482208-0.590371.86738
-12.6948, 4.17928, 5.13602
-0.482208-0.590371.86738
-12.6948, 4.17928, 5.13602
-0.482208-0.590371.86738
-12.6948, 4.17928, 5.13602
-0.482208-0.590371.86738
-12.6948, 4.17928, 5.13602
-0.578736-0.5869551.8349
-10.2288, 4.64107, 5.4407
-0.578736-0.5869551.8349
-10.2288, 4.64107, 5.4407
-0.578736-0.5869551.8349
-10.2288, 4.64107, 5.4407
-0.578736-0.5869551.8349
-10.2288, 4.64107, 5.4407
-0.659763-0.5861961.80613
-7.10097, 4.8791, 4.1077
-0.659763-0.5861961.80613
-7.10097, 4.8791, 4.1077
-0.659763-0.5861961.80613
-7.10097, 4.8791, 4.1077
-0.659763-0.5861961.80613
-7.10097, 4.8791, 4.1077
-0.728611-0.5859671.78372
-9.01717, 4.86958, 4.85513
-0.728611-0.5859671.78372
-9.01717, 4.86958, 4.85513
-0.728611-0.5859671.78372
-9.01717, 4.86958, 4.85513
-0.728611-0.5859671.78372
-9.01717, 4.86958, 4.85513
-0.793604-0.5801321.76811
-10.0955, 4.78389, 6.67612
-0.793604-0.5801321.76811
-10.0955, 4.78389, 6.67612
-0.793604-0.5801321.76811
-10.0955, 4.78389, 6.67612
-0.793604-0.5801321.76811
-10.0955, 4.78389, 6.67612
-0.854145-0.5697851.75645
-7.12477, 4.25545, 4.63852
-0.854145-0.5697851.75645
-7.12477, 4.25545, 4.63852
-0.854145-0.5697851.75645
-7.12477, 4.25545, 4.63852
-0.854145-0.5697851.75645
-7.12477, 4.25545, 4.63852
-0.904814-0.5614051.74909
-7.52943, 4.7339, 5.93106
-0.904814-0.5614051.74909
-7.52943, 4.7339, 5.93106
-0.904814-0.5614051.74909
-7.52943, 4.7339, 5.93106
-0.904814-0.5614051.74909
-7.52943, 4.7339, 5.93106
-0.951288-0.5543541.74158
-6.71297, 5.16713, 8.7756
-0.951288-0.5543541.74158
-6.71297, 5.16713, 8.7756
-0.997461-0.544851.72792
-6.71297, 5.16713, 8.7756
-0.997461-0.544851.72792
-6.71297, 5.16713, 8.7756
-0.997461-0.544851.72792
-9.81697, 6.36684, 11.325
-0.997461-0.544851.72792
-9.81697, 6.36684, 11.325
-0.997461-0.544851.72792
-9.81697, 6.36684, 11.325
-0.997461-0.544851.72792
-9.81697, 6.36684, 11.325
-1.0382-0.531611.7154
-10.681, 7.20473, 12.896
-1.0382-0.531611.7154
-10.681, 7.20473, 12.896
-1.0382-0.531611.7154
-10.681, 7.20473, 12.896
-1.06469-0.5180821.70433
-10.681, 7.20473, 12.896
-1.06469-0.5180821.70433
-10.374, 7.2571, 14.36
-1.06469-0.5180821.70433
-10.374, 7.2571, 14.36
-1.06469-0.5180821.70433
-10.374, 7.2571, 14.36
-1.07321-0.5097731.68947
-10.374, 7.2571, 14.36
-1.07321-0.5097731.68947
-10.374, 7.2571, 14.36
-1.06327-0.5059071.67139
-10.7334, 7.20235, 13.7292
-1.06327-0.5059071.67139
-10.7334, 7.20235, 13.7292
-1.06327-0.5059071.67139
-10.7334, 7.20235, 13.7292
-1.06327-0.5059071.67139
-11.2285, 6.4073, 14.3242
-1.06327-0.5059071.67139
-11.2285, 6.4073, 14.3242
-1.06327-0.5059071.67139
-11.2285, 6.4073, 14.3242
-1.06327-0.5059071.67139
-11.2285, 6.4073, 14.3242
-1.03332-0.5038791.65528
-11.4856, 5.60274, 13.6149
-1.03332-0.5038791.65528
-11.4856, 5.60274, 13.6149
-1.03332-0.5038791.65528
-11.4856, 5.60274, 13.6149
-1.03332-0.5038791.65528
-11.4856, 5.60274, 13.6149
-0.98479-0.5026441.64423
-12.652, 3.21761, 11.4535
-0.98479-0.5026441.64423
-12.652, 3.21761, 11.4535
-0.98479-0.5026441.64423
-12.652, 3.21761, 11.4535
-0.98479-0.5026441.64423
-12.652, 3.21761, 11.4535
-0.914645-0.5023021.63957
-13.3685, 1.06337, 6.38571
-0.914645-0.5023021.63957
-13.3685, 1.06337, 6.38571
-0.914645-0.5023021.63957
-13.3685, 1.06337, 6.38571
-0.914645-0.5023021.63957
-13.3685, 1.06337, 6.38571
-0.8233-0.5029081.63983
-12.3878, -0.160141, 1.47501
-0.8233-0.5029081.63983
-12.3878, -0.160141, 1.47501
-0.8233-0.5029081.63983
-12.3878, -0.160141, 1.47501
-0.8233-0.5029081.63983
-12.3878, -0.160141, 1.47501
-0.726166-0.5050251.64372
-11.4499, -1.12895, -1.05533
-0.726166-0.5050251.64372
-11.4499, -1.12895, -1.05533
-0.726166-0.5050251.64372
-11.4499, -1.12895, -1.05533
-0.726166-0.5050251.64372
-11.4499, -1.12895, -1.05533
-0.627068-0.5086211.64882
-11.2476, -2.60954, -4.55209
-0.627068-0.5086211.64882
-11.2476, -2.60954, -4.55209
-0.627068-0.5086211.64882
-11.2476, -2.60954, -4.55209
-0.627068-0.5086211.64882
-11.2476, -2.60954, -4.55209
-0.536471-0.5118451.65186
-9.82887, -3.18559, -11.3195
-0.536471-0.5118451.65186
-9.82887, -3.18559, -11.3195
-0.536471-0.5118451.65186
-9.82887, -3.18559, -11.3195
-0.536471-0.5118451.65186
-9.82887, -3.18559, -11.3195
-0.451067-0.514191.65619
-7.74129, -2.8452, -15.5685
-0.451067-0.514191.65619
-7.74129, -2.8452, -15.5685
-0.451067-0.514191.65619
-7.74129, -2.8452, -15.5685
-0.451067-0.514191.65619
-7.74129, -2.8452, -15.5685
-0.379409-0.5159081.66348
-7.83174, -2.83568, -16.9086
-0.379409-0.5159081.66348
-7.83174, -2.83568, -16.9086
-0.379409-0.5159081.66348
-7.83174, -2.83568, -16.9086
-0.379409-0.5159081.66348
-7.83174, -2.83568, -16.9086
-0.331482-0.5136121.67201
-8.28401, -1.95018, -17.6084
-0.331482-0.5136121.67201
-8.28401, -1.95018, -17.6084
-0.331482-0.5136121.67201
-8.28401, -1.95018, -17.6084
-0.331482-0.5136121.67201
-8.28401, -1.95018, -17.6084
-0.30359-0.5046021.68017
-9.20284, -0.0149384, -15.1067
-0.30359-0.5046021.68017
-9.20284, -0.0149384, -15.1067
-0.30359-0.5046021.68017
-9.20284, -0.0149384, -15.1067
-0.30359-0.5046021.68017
-9.20284, -0.0149384, -15.1067
-0.300345-0.494591.68438
-7.25331, 1.99648, -10.9743
-0.300345-0.494591.68438
-7.25331, 1.99648, -10.9743
-0.312697-0.4880271.68191
-7.25331, 1.99648, -10.9743
-0.312697-0.4880271.68191
-7.25331, 1.99648, -10.9743
-0.312697-0.4880271.68191
-6.58443, 3.7032, -6.93246
-0.312697-0.4880271.68191
-6.58443, 3.7032, -6.93246
-0.312697-0.4880271.68191
-6.58443, 3.7032, -6.93246
-0.312697-0.4880271.68191
-6.58443, 3.7032, -6.93246
-0.333076-0.4839611.67547
-7.66273, 4.54585, -6.49686
-0.333076-0.4839611.67547
-7.66273, 4.54585, -6.49686
-0.35467-0.4774911.66908
-7.66273, 4.54585, -6.49686
-0.35467-0.4774911.66908
-7.66273, 4.54585, -6.49686
-0.35467-0.4774911.66908
-9.27663, 5.36232, -3.3024
-0.35467-0.4774911.66908
-9.27663, 5.36232, -3.3024
-0.35467-0.4774911.66908
-9.27663, 5.36232, -3.3024
-0.381096-0.4691871.66405
-9.27663, 5.36232, -3.3024
-0.381096-0.4691871.66405
-8.59346, 5.886, 0.232452
-0.381096-0.4691871.66405
-8.59346, 5.886, 0.232452
-0.381096-0.4691871.66405
-8.59346, 5.886, 0.232452
-0.381096-0.4691871.66405
-8.59346, 5.886, 0.232452
-0.40813-0.4633381.65699
-8.94576, 5.99312, 1.52975
-0.40813-0.4633381.65699
-8.94576, 5.99312, 1.52975
-0.40813-0.4633381.65699
-8.94576, 5.99312, 1.52975
-0.40813-0.4633381.65699
-8.94576, 5.99312, 1.52975
-0.429606-0.4593341.65042
-9.79079, 5.83839, 1.26077
-0.429606-0.4593341.65042
-9.79079, 5.83839, 1.26077
-0.429606-0.4593341.65042
-9.79079, 5.83839, 1.26077
-0.429606-0.4593341.65042
-9.79079, 5.83839, 1.26077
-0.442958-0.4544571.64776
-10.6334, 5.33852, 1.5726
-0.442958-0.4544571.64776
-10.6334, 5.33852, 1.5726
-0.442958-0.4544571.64776
-10.6334, 5.33852, 1.5726
-0.442958-0.4544571.64776
-10.6334, 5.33852, 1.5726
-0.450548-0.448811.65037
-9.98836, 4.72914, 1.25839
-0.450548-0.448811.65037
-9.98836, 4.72914, 1.25839
-0.450548-0.448811.65037
-9.98836, 4.72914, 1.25839
-0.450548-0.448811.65037
-9.98836, 4.72914, 1.25839
-0.454723-0.4434151.65641
-10.293, 4.59346, 1.7059
-0.454723-0.4434151.65641
-10.293, 4.59346, 1.7059
-0.454723-0.4434151.65641
-10.293, 4.59346, 1.7059
-0.454723-0.4434151.65641
-10.293, 4.59346, 1.7059
-0.455488-0.4400681.66144
-9.68129, 4.46968, 1.5488
-0.455488-0.4400681.66144
-9.68129, 4.46968, 1.5488
-0.455488-0.4400681.66144
-9.68129, 4.46968, 1.5488
-0.455488-0.4400681.66144
-9.68129, 4.46968, 1.5488
-0.452937-0.4380321.66455
-10.3597, 4.16023, 0.503815
-0.452937-0.4380321.66455
-10.3597, 4.16023, 0.503815
-0.452937-0.4380321.66455
-10.3597, 4.16023, 0.503815
-0.452937-0.4380321.66455
-10.3597, 4.16023, 0.503815
-0.449815-0.4351851.66795
-10.7977, 4.53633, 1.35361
-0.449815-0.4351851.66795
-10.7977, 4.53633, 1.35361
-0.449815-0.4351851.66795
-10.7977, 4.53633, 1.35361
-0.449815-0.4351851.66795
-10.7977, 4.53633, 1.35361
-0.450097-0.4313251.66941
-10.4359, 5.28615, 4.07913
-0.450097-0.4313251.66941
-10.4359, 5.28615, 4.07913
-0.450097-0.4313251.66941
-10.4359, 5.28615, 4.07913
-0.450097-0.4313251.66941
-10.4359, 5.28615, 4.07913
-0.45454-0.4288181.66548
-10.6834, 5.06001, 5.1384
-0.45454-0.4288181.66548
-10.6834, 5.06001, 5.1384
-0.45454-0.4288181.66548
-10.6834, 5.06001, 5.1384
-0.457869-0.4263021.65884
-10.6834, 5.06001, 5.1384
-0.457869-0.4263021.65884
-12.7282, 4.72438, 5.52164
-0.457869-0.4263021.65884
-12.7282, 4.72438, 5.52164
-0.457869-0.4263021.65884
-12.7282, 4.72438, 5.52164
-0.457869-0.4263021.65884
-12.7282, 4.72438, 5.52164
-0.458283-0.421921.65125
-13.3018, 4.73866, 7.30692
-0.458283-0.421921.65125
-13.3018, 4.73866, 7.30692
-0.456487-0.419431.63911
-13.3018, 4.73866, 7.30692
-0.456487-0.419431.63911
-13.3018, 4.73866, 7.30692
-0.456487-0.419431.63911
-14.2992, 5.21474, 9.92294
-0.456487-0.419431.63911
-14.2992, 5.21474, 9.92294
-0.456487-0.419431.63911
-14.2992, 5.21474, 9.92294
-0.456487-0.419431.63911
-14.2992, 5.21474, 9.92294
-0.450701-0.4212731.62381
-16.7105, 4.65535, 8.34476
-0.450701-0.4212731.62381
-16.7105, 4.65535, 8.34476
-0.450701-0.4212731.62381
-16.7105, 4.65535, 8.34476
-0.450701-0.4212731.62381
-16.7105, 4.65535, 8.34476
-0.4326-0.4268531.6128
-17.4508, 5.01241, 7.51639
-0.4326-0.4268531.6128
-17.4508, 5.01241, 7.51639
-0.404394-0.4379771.60764
-17.4508, 5.01241, 7.51639
-0.404394-0.4379771.60764
-17.4508, 5.01241, 7.51639
-0.404394-0.4379771.60764
-16.7105, 5.35756, 9.48019
-0.404394-0.4379771.60764
-16.7105, 5.35756, 9.48019
-0.404394-0.4379771.60764
-16.7105, 5.35756, 9.48019
-0.404394-0.4379771.60764
-16.7105, 5.35756, 9.48019
-0.368503-0.4625021.59699
-11.8831, 5.25282, 9.17551
-0.368503-0.4625021.59699
-11.8831, 5.25282, 9.17551
-0.368503-0.4625021.59699
-11.8831, 5.25282, 9.17551
-0.368503-0.4625021.59699
-11.8831, 5.25282, 9.17551
-0.319239-0.5012911.58246
-9.41945, 4.58156, 9.51114
-0.319239-0.5012911.58246
-9.41945, 4.58156, 9.51114
-0.319239-0.5012911.58246
-9.41945, 4.58156, 9.51114
-0.319239-0.5012911.58246
-9.41945, 4.58156, 9.51114
-0.253473-0.5457681.58028
-9.73842, 2.11787, 6.93796
-0.253473-0.5457681.58028
-9.73842, 2.11787, 6.93796
-0.253473-0.5457681.58028
-9.73842, 2.11787, 6.93796
-0.253473-0.5457681.58028
-9.73842, 2.11787, 6.93796
-0.174272-0.5819311.59555
-8.42207, 0.413528, 1.18698
-0.174272-0.5819311.59555
-8.42207, 0.413528, 1.18698
-0.174272-0.5819311.59555
-8.42207, 0.413528, 1.18698
-0.174272-0.5819311.59555
-8.42207, 0.413528, 1.18698
-0.0726436-0.6164561.62356
-7.28188, -0.650497, -0.912506
-0.0726436-0.6164561.62356
-7.28188, -0.650497, -0.912506
-0.0726436-0.6164561.62356
-7.28188, -0.650497, -0.912506
-0.0726436-0.6164561.62356
-7.28188, -0.650497, -0.912506
0.0366649-0.6511421.65475
-4.17311, -1.74785, -3.22623
0.0366649-0.6511421.65475
-4.17311, -1.74785, -3.22623
0.0366649-0.6511421.65475
-4.17311, -1.74785, -3.22623
0.0366649-0.6511421.65475
-4.17311, -1.74785, -3.22623
0.148994-0.6820721.68854
-4.07076, -2.70238, -8.12503
0.148994-0.6820721.68854
-4.07076, -2.70238, -8.12503
0.148994-0.6820721.68854
-4.07076, -2.70238, -8.12503
0.148994-0.6820721.68854
-4.07076, -2.70238, -8.12503
0.273885-0.7060591.73231
-4.77058, -2.39293, -9.73178
0.273885-0.7060591.73231
-4.77058, -2.39293, -9.73178
0.273885-0.7060591.73231
-4.77058, -2.39293, -9.73178
0.366886-0.717551.76616
-4.77058, -2.39293, -9.73178
0.366886-0.717551.76616
-2.65919, -2.34532, -9.21048
0.366886-0.717551.76616
-2.65919, -2.34532, -9.21048
0.366886-0.717551.76616
-2.65919, -2.34532, -9.21048
0.366886-0.717551.76616
-2.65919, -2.34532, -9.21048
0.455457-0.7241641.79661
-5.30617, -2.94756, -11.886
0.455457-0.7241641.79661
-5.30617, -2.94756, -11.886
0.455457-0.7241641.79661
-5.30617, -2.94756, -11.886
0.455457-0.7241641.79661
-5.30617, -2.94756, -11.886
0.535785-0.7197071.83083
-7.61751, -3.67119, -15.8112
0.535785-0.7197071.83083
-7.61751, -3.67119, -15.8112
0.535785-0.7197071.83083
-7.61751, -3.67119, -15.8112
0.535785-0.7197071.83083
-7.61751, -3.67119, -15.8112
0.603561-0.7036451.86982
-8.88148, -4.11632, -17.2323
0.603561-0.7036451.86982
-8.88148, -4.11632, -17.2323
0.603561-0.7036451.86982
-8.88148, -4.11632, -17.2323
0.603561-0.7036451.86982
-8.88148, -4.11632, -17.2323
0.654986-0.6875151.90457
-5.30617, -4.07585, -18.9581
0.654986-0.6875151.90457
-5.30617, -4.07585, -18.9581
0.690081-0.6765611.93354
-5.30617, -4.07585, -18.9581
0.690081-0.6765611.93354
-5.30617, -4.07585, -18.9581
0.690081-0.6765611.93354
-4.25642, -3.72832, -19.5716
0.690081-0.6765611.93354
-4.25642, -3.72832, -19.5716
0.690081-0.6765611.93354
-4.25642, -3.72832, -19.5716
0.690081-0.6765611.93354
-4.25642, -3.72832, -19.5716
0.702507-0.6680631.95919
-4.7563, -3.3784, -19.5716
0.702507-0.6680631.95919
-4.7563, -3.3784, -19.5716
0.702507-0.6680631.95919
-4.7563, -3.3784, -19.5716
0.702507-0.6680631.95919
-4.7563, -3.3784, -19.5716
0.684672-0.6605221.97402
-5.15144, -3.15227, -15.8946
0.684672-0.6605221.97402
-5.15144, -3.15227, -15.8946
0.684672-0.6605221.97402
-5.15144, -3.15227, -15.8946
0.633009-0.6560331.97382
-5.15144, -3.15227, -15.8946
0.633009-0.6560331.97382
-6.35829, -2.12871, -13.3095
0.633009-0.6560331.97382
-6.35829, -2.12871, -13.3095
0.633009-0.6560331.97382
-6.35829, -2.12871, -13.3095
0.557934-0.6517241.96201
-6.35829, -2.12871, -13.3095
0.557934-0.6517241.96201
-7.83888, -1.16704, -12.005
0.557934-0.6517241.96201
-7.83888, -1.16704, -12.005
0.557934-0.6517241.96201
-7.83888, -1.16704, -12.005
0.557934-0.6517241.96201
-7.83888, -1.16704, -12.005
0.463725-0.6439491.94517
-8.62917, -0.852829, -8.03934
0.463725-0.6439491.94517
-8.62917, -0.852829, -8.03934
0.463725-0.6439491.94517
-8.62917, -0.852829, -8.03934
0.463725-0.6439491.94517
-8.62917, -0.852829, -8.03934
0.36235-0.6357431.92616
-9.05763, 0.532547, -4.54495
0.36235-0.6357431.92616
-9.05763, 0.532547, -4.54495
0.36235-0.6357431.92616
-9.05763, 0.532547, -4.54495
0.36235-0.6357431.92616
-9.05763, 0.532547, -4.54495
0.250506-0.6278411.90044
-11.1762, 1.69179, -0.284088
0.250506-0.6278411.90044
-11.1762, 1.69179, -0.284088
0.250506-0.6278411.90044
-11.1762, 1.69179, -0.284088
0.250506-0.6278411.90044
-11.1762, 1.69179, -0.284088
0.137228-0.6171931.87544
-11.4999, 1.78224, 3.27695
0.137228-0.6171931.87544
-11.4999, 1.78224, 3.27695
0.137228-0.6171931.87544
-11.4999, 1.78224, 3.27695
0.137228-0.6171931.87544
-11.4999, 1.78224, 3.27695
0.0317146-0.6031581.85539
-8.21022, 1.57277, 1.27744
0.0317146-0.6031581.85539
-8.21022, 1.57277, 1.27744
0.0317146-0.6031581.85539
-8.21022, 1.57277, 1.27744
0.0317146-0.6031581.85539
-8.21022, 1.57277, 1.27744
-0.0545028-0.5891321.83985
-9.81459, 2.951, 0.287201
-0.0545028-0.5891321.83985
-9.81459, 2.951, 0.287201
-0.0545028-0.5891321.83985
-9.81459, 2.951, 0.287201
-0.0545028-0.5891321.83985
-9.81459, 2.951, 0.287201
-0.133247-0.572421.82813
-11.8784, 3.40089, 6.9332
-0.133247-0.572421.82813
-11.8784, 3.40089, 6.9332
-0.133247-0.572421.82813
-11.8784, 3.40089, 6.9332
-0.133247-0.572421.82813
-11.8784, 3.40089, 6.9332
-0.220688-0.5488531.81962
-9.85982, 3.75081, 9.41116
-0.220688-0.5488531.81962
-9.85982, 3.75081, 9.41116
-0.220688-0.5488531.81962
-9.85982, 3.75081, 9.41116
-0.220688-0.5488531.81962
-9.85982, 3.75081, 9.41116
-0.297703-0.523281.81393
-11.6927, 5.83601, 6.55472
-0.297703-0.523281.81393
-11.6927, 5.83601, 6.55472
-0.297703-0.523281.81393
-11.6927, 5.83601, 6.55472
-0.297703-0.523281.81393
-11.6927, 5.83601, 6.55472
-0.354079-0.4981811.80704
-12.2807, 6.12166, 8.99936
-0.354079-0.4981811.80704
-12.2807, 6.12166, 8.99936
-0.402829-0.4734121.7984
-12.2807, 6.12166, 8.99936
-0.402829-0.4734121.7984
-12.2807, 6.12166, 8.99936
-0.402829-0.4734121.7984
-10.8786, 5.42421, 9.67776
-0.402829-0.4734121.7984
-10.8786, 5.42421, 9.67776
-0.402829-0.4734121.7984
-10.8786, 5.42421, 9.67776
-0.402829-0.4734121.7984
-10.8786, 5.42421, 9.67776
-0.442235-0.4489981.79285
-13.5899, 5.59798, 6.42618
-0.442235-0.4489981.79285
-13.5899, 5.59798, 6.42618
-0.442235-0.4489981.79285
-13.5899, 5.59798, 6.42618
-0.467464-0.4232491.78929
-13.5899, 5.59798, 6.42618
-0.467464-0.4232491.78929
-14.8895, 6.06691, 6.61185
-0.467464-0.4232491.78929
-14.8895, 6.06691, 6.61185
-0.467464-0.4232491.78929
-14.8895, 6.06691, 6.61185
-0.467464-0.4232491.78929
-14.8895, 6.06691, 6.61185
-0.485209-0.4005231.7818
-13.7755, 5.80507, 8.67325
-0.485209-0.4005231.7818
-13.7755, 5.80507, 8.67325
-0.497045-0.3847641.77181
-13.7755, 5.80507, 8.67325
-0.497045-0.3847641.77181
-13.7755, 5.80507, 8.67325
-0.497045-0.3847641.77181
-12.8734, 4.86482, 5.35025
-0.497045-0.3847641.77181
-12.8734, 4.86482, 5.35025
-0.497045-0.3847641.77181
-12.8734, 4.86482, 5.35025
-0.497045-0.3847641.77181
-12.8734, 4.86482, 5.35025
-0.496053-0.3720691.76574
-12.2211, 4.19118, 1.50119
-0.496053-0.3720691.76574
-12.2211, 4.19118, 1.50119
-0.496053-0.3720691.76574
-12.2211, 4.19118, 1.50119
-0.496053-0.3720691.76574
-12.2211, 4.19118, 1.50119
-0.483317-0.3603171.76501
-10.4049, 3.47231, 0.0134583
-0.483317-0.3603171.76501
-10.4049, 3.47231, 0.0134583
-0.483317-0.3603171.76501
-10.4049, 3.47231, 0.0134583
-0.483317-0.3603171.76501
-10.4049, 3.47231, 0.0134583
-0.468561-0.3496311.76773
-12.214, 2.74867, -0.919647
-0.468561-0.3496311.76773
-12.214, 2.74867, -0.919647
-0.468561-0.3496311.76773
-12.214, 2.74867, -0.919647
-0.468561-0.3496311.76773
-12.214, 2.74867, -0.919647
-0.457941-0.3376131.77395
-12.8091, 2.45351, -1.55997
-0.457941-0.3376131.77395
-12.8091, 2.45351, -1.55997
-0.457941-0.3376131.77395
-12.8091, 2.45351, -1.55997
-0.457941-0.3376131.77395
-12.8091, 2.45351, -1.55997
-0.448613-0.3265251.77932
-10.8858, 2.90578, -2.22171
-0.448613-0.3265251.77932
-10.8858, 2.90578, -2.22171
-0.448613-0.3265251.77932
-10.8858, 2.90578, -2.22171
-0.448613-0.3265251.77932
-10.8858, 2.90578, -2.22171
-0.439633-0.3226341.77866
-10.2312, 2.57967, -2.07175
-0.439633-0.3226341.77866
-10.2312, 2.57967, -2.07175
-0.439633-0.3226341.77866
-10.2312, 2.57967, -2.07175
-0.439633-0.3226341.77866
-10.2312, 2.57967, -2.07175
-0.433281-0.3242031.77463
-9.80745, 2.71059, -2.45023
-0.433281-0.3242031.77463
-9.80745, 2.71059, -2.45023
-0.433281-0.3242031.77463
-9.80745, 2.71059, -2.45023
-0.433281-0.3242031.77463
-9.80745, 2.71059, -2.45023
-0.429269-0.3246531.773
-10.0836, 3.23903, -3.24289
-0.429269-0.3246531.773
-10.0836, 3.23903, -3.24289
-0.429269-0.3246531.773
-10.0836, 3.23903, -3.24289
-0.429269-0.3246531.773
-10.0836, 3.23903, -3.24289
-0.428577-0.3231491.77488
-9.37184, 3.86983, -2.67398
-0.428577-0.3231491.77488
-9.37184, 3.86983, -2.67398
-0.428577-0.3231491.77488
-9.37184, 3.86983, -2.67398
-0.428577-0.3231491.77488
-9.37184, 3.86983, -2.67398
-0.431246-0.3235951.77614
-8.08406, 4.76961, -2.06223
-0.431246-0.3235951.77614
-8.08406, 4.76961, -2.06223
-0.436846-0.327321.77355
-8.08406, 4.76961, -2.06223
-0.436846-0.327321.77355
-8.08406, 4.76961, -2.06223
-0.436846-0.327321.77355
-7.63655, 5.99788, -0.945831
-0.436846-0.327321.77355
-7.63655, 5.99788, -0.945831
-0.436846-0.327321.77355
-7.63655, 5.99788, -0.945831
-0.444336-0.3307931.77029
-7.63655, 5.99788, -0.945831
-0.444336-0.3307931.77029
-8.66725, 6.84767, -0.822052
-0.444336-0.3307931.77029
-8.66725, 6.84767, -0.822052
-0.444336-0.3307931.77029
-8.66725, 6.84767, -0.822052
-0.444336-0.3307931.77029
-8.66725, 6.84767, -0.822052
-0.450529-0.3315931.76893
-9.66939, 7.47371, -1.03629
-0.450529-0.3315931.76893
-9.66939, 7.47371, -1.03629
-0.453671-0.3309391.76862
-9.66939, 7.47371, -1.03629
-0.453671-0.3309391.76862
-9.66939, 7.47371, -1.03629
-0.453671-0.3309391.76862
-9.82887, 8.20924, -0.407867
-0.453671-0.3309391.76862
-9.82887, 8.20924, -0.407867
-0.453671-0.3309391.76862
-9.82887, 8.20924, -0.407867
-0.453671-0.3309391.76862
-9.82887, 8.20924, -0.407867
-0.45336-0.3307321.76898
-10.493, 8.45918, -1.67899
-0.45336-0.3307321.76898
-10.493, 8.45918, -1.67899
-0.449301-0.3284581.77337
-10.493, 8.45918, -1.67899
-0.449301-0.3284581.77337
-10.493, 8.45918, -1.67899
-0.449301-0.3284581.77337
-11.3023, 8.79958, -3.20004
-0.449301-0.3284581.77337
-11.3023, 8.79958, -3.20004
-0.449301-0.3284581.77337
-11.3023, 8.79958, -3.20004
-0.449301-0.3284581.77337
-11.3023, 8.79958, -3.20004
-0.44347-0.3233261.78268
-11.657, 8.02357, -1.89322
-0.44347-0.3233261.78268
-11.657, 8.02357, -1.89322
-0.44347-0.3233261.78268
-11.657, 8.02357, -1.89322
-0.44347-0.3233261.78268
-11.657, 8.02357, -1.89322
-0.439916-0.3201211.79094
-10.3073, 6.61201, -1.69803
-0.439916-0.3201211.79094
-10.3073, 6.61201, -1.69803
-0.439916-0.3201211.79094
-10.3073, 6.61201, -1.69803
-0.439916-0.3201211.79094
-10.3073, 6.61201, -1.69803
-0.434957-0.3206991.79492
-8.03883, 5.30043, -2.60019
-0.434957-0.3206991.79492
-8.03883, 5.30043, -2.60019
-0.434957-0.3206991.79492
-8.03883, 5.30043, -2.60019
-0.434957-0.3206991.79492
-8.03883, 5.30043, -2.60019
-0.427902-0.3231571.79602
-6.81294, 4.43874, -1.06009
-0.427902-0.3231571.79602
-6.81294, 4.43874, -1.06009
-0.427902-0.3231571.79602
-6.81294, 4.43874, -1.06009
-0.427902-0.3231571.79602
-6.81294, 4.43874, -1.06009
-0.422267-0.3247351.79365
-6.82961, 2.71059, -0.605438
-0.422267-0.3247351.79365
-6.82961, 2.71059, -0.605438
-0.422267-0.3247351.79365
-6.82961, 2.71059, -0.605438
-0.422267-0.3247351.79365
-6.82961, 2.71059, -0.605438
-0.416772-0.3231661.78795
-8.12215, -0.690964, -0.988678
-0.416772-0.3231661.78795
-8.12215, -0.690964, -0.988678
-0.416772-0.3231661.78795
-8.12215, -0.690964, -0.988678
-0.416772-0.3231661.78795
-8.12215, -0.690964, -0.988678
-0.40881-0.316731.77993
-7.94362, -0.750473, -2.54306
-0.40881-0.316731.77993
-7.94362, -0.750473, -2.54306
-0.40881-0.316731.77993
-7.94362, -0.750473, -2.54306
-0.40881-0.316731.77993
-7.94362, -0.750473, -2.54306
-0.399209-0.3082421.7673
-7.93172, -1.38365, 0.0682068
-0.399209-0.3082421.7673
-7.93172, -1.38365, 0.0682068
-0.399209-0.3082421.7673
-7.93172, -1.38365, 0.0682068
-0.399209-0.3082421.7673
-7.93172, -1.38365, 0.0682068
-0.394795-0.3000241.75049
-10.1383, -2.70476, 3.71494
-0.394795-0.3000241.75049
-10.1383, -2.70476, 3.71494
-0.392805-0.2913361.73364
-10.1383, -2.70476, 3.71494
-0.392805-0.2913361.73364
-10.1383, -2.70476, 3.71494
-0.392805-0.2913361.73364
-10.0122, -3.92113, 2.22958
-0.392805-0.2913361.73364
-10.0122, -3.92113, 2.22958
-0.392805-0.2913361.73364
-10.0122, -3.92113, 2.22958
-0.392805-0.2913361.73364
-10.0122, -3.92113, 2.22958
-0.380132-0.2831541.71926
-9.52657, -5.6826, -2.60971
-0.380132-0.2831541.71926
-9.52657, -5.6826, -2.60971
-0.357295-0.2791631.70908
-9.52657, -5.6826, -2.60971
-0.357295-0.2791631.70908
-9.52657, -5.6826, -2.60971
-0.357295-0.2791631.70908
-9.01003, -6.17058, -3.47617
-0.357295-0.2791631.70908
-9.01003, -6.17058, -3.47617
-0.357295-0.2791631.70908
-9.01003, -6.17058, -3.47617
-0.357295-0.2791631.70908
-9.01003, -6.17058, -3.47617
-0.337295-0.2797591.70058
-8.59108, -6.76091, -3.15482
-0.337295-0.2797591.70058
-8.59108, -6.76091, -3.15482
-0.337295-0.2797591.70058
-8.59108, -6.76091, -3.15482
-0.337295-0.2797591.70058
-8.59108, -6.76091, -3.15482
-0.328488-0.2822641.6955
-9.48848, -6.39909, -2.7811
-0.328488-0.2822641.6955
-9.48848, -6.39909, -2.7811
-0.330592-0.2851071.69513
-9.48848, -6.39909, -2.7811
-0.330592-0.2851071.69513
-9.48848, -6.39909, -2.7811
-0.330592-0.2851071.69513
-6.77962, -5.63976, -1.46475
-0.330592-0.2851071.69513
-6.77962, -5.63976, -1.46475
-0.330592-0.2851071.69513
-6.77962, -5.63976, -1.46475
-0.330592-0.2851071.69513
-6.77962, -5.63976, -1.46475
-0.343113-0.2906211.69426
-6.04646, -4.54478, 1.36789
-0.343113-0.2906211.69426
-6.04646, -4.54478, 1.36789
-0.343113-0.2906211.69426
-6.04646, -4.54478, 1.36789
-0.343113-0.2906211.69426
-6.04646, -4.54478, 1.36789
-0.363275-0.2967321.69251
-5.34425, -2.78093, -0.0389099
-0.363275-0.2967321.69251
-5.34425, -2.78093, -0.0389099
-0.363275-0.2967321.69251
-5.34425, -2.78093, -0.0389099
-0.363275-0.2967321.69251
-5.34425, -2.78093, -0.0389099
-0.38423-0.2995621.69045
-5.96077, 0.749161, 0.59903
-0.38423-0.2995621.69045
-5.96077, 0.749161, 0.59903
-0.38423-0.2995621.69045
-5.96077, 0.749161, 0.59903
-0.38423-0.2995621.69045
-5.96077, 0.749161, 0.59903
-0.406335-0.3007571.6867
-5.63704, 4.87672, 2.04153
-0.406335-0.3007571.6867
-5.63704, 4.87672, 2.04153
-0.406335-0.3007571.6867
-5.63704, 4.87672, 2.04153
-0.406335-0.3007571.6867
-5.63704, 4.87672, 2.04153
-0.426322-0.3012711.681
-6.38686, 8.89241, 0.480011
-0.426322-0.3012711.681
-6.38686, 8.89241, 0.480011
-0.426322-0.3012711.681
-6.38686, 8.89241, 0.480011
-0.426322-0.3012711.681
-6.38686, 8.89241, 0.480011
-0.442723-0.2982241.67698
-6.77486, 11.8179, 0.275299
-0.442723-0.2982241.67698
-6.77486, 11.8179, 0.275299
-0.442723-0.2982241.67698
-6.77486, 11.8179, 0.275299
-0.442723-0.2982241.67698
-6.77486, 11.8179, 0.275299
-0.455964-0.2910981.67562
-10.9143, 12.2297, 3.56259
-0.455964-0.2910981.67562
-10.9143, 12.2297, 3.56259
-0.455964-0.2910981.67562
-10.9143, 12.2297, 3.56259
-0.455964-0.2910981.67562
-10.9143, 12.2297, 3.56259
-0.466328-0.2782871.67845
-13.6541, 10.5611, 0.0848694
-0.466328-0.2782871.67845
-13.6541, 10.5611, 0.0848694
-0.466328-0.2782871.67845
-13.6541, 10.5611, 0.0848694
-0.466328-0.2782871.67845
-13.6541, 10.5611, 0.0848694
-0.463754-0.2615351.68347
-14.1421, 8.77101, -2.50735
-0.463754-0.2615351.68347
-14.1421, 8.77101, -2.50735
-0.463754-0.2615351.68347
-14.1421, 8.77101, -2.50735
-0.463754-0.2615351.68347
-14.1421, 8.77101, -2.50735
-0.453004-0.249351.6872
-14.2611, 8.23781, -1.32907
-0.453004-0.249351.6872
-14.2611, 8.23781, -1.32907
-0.443223-0.2419941.6886
-14.2611, 8.23781, -1.32907
-0.443223-0.2419941.6886
-14.2611, 8.23781, -1.32907
-0.443223-0.2419941.6886
-13.7731, 6.6263, -0.262665
-0.443223-0.2419941.6886
-13.7731, 6.6263, -0.262665
-0.443223-0.2419941.6886
-13.7731, 6.6263, -0.262665
-0.443223-0.2419941.6886
-13.7731, 6.6263, -0.262665
-0.436441-0.2383631.6902
-13.1281, 4.93623, -1.05771
-0.436441-0.2383631.6902
-13.1281, 4.93623, -1.05771
-0.436441-0.2383631.6902
-13.1281, 4.93623, -1.05771
-0.436441-0.2383631.6902
-13.1281, 4.93623, -1.05771
-0.428513-0.2371541.69144
-11.4404, 3.66273, -1.50998
-0.428513-0.2371541.69144
-11.4404, 3.66273, -1.50998
-0.428513-0.2371541.69144
-11.4404, 3.66273, -1.50998
-0.420464-0.2392781.69103
-11.4404, 3.66273, -1.50998
-0.420464-0.2392781.69103
-11.1785, 2.80818, -0.407867
-0.420464-0.2392781.69103
-11.1785, 2.80818, -0.407867
-0.420464-0.2392781.69103
-11.1785, 2.80818, -0.407867
-0.420464-0.2392781.69103
-11.1785, 2.80818, -0.407867
-0.41373-0.243911.69004
-10.3954, 1.79414, -1.52902
-0.41373-0.243911.69004
-10.3954, 1.79414, -1.52902
-0.41373-0.243911.69004
-10.3954, 1.79414, -1.52902
-0.41373-0.243911.69004
-10.3954, 1.79414, -1.52902
-0.404478-0.2497541.6885
-9.84554, 0.975296, -2.76682
-0.404478-0.2497541.6885
-9.84554, 0.975296, -2.76682
-0.404478-0.2497541.6885
-9.84554, 0.975296, -2.76682
-0.404478-0.2497541.6885
-9.84554, 0.975296, -2.76682
-0.395614-0.2562161.68684
-10.1693, 0.442093, -2.32883
-0.395614-0.2562161.68684
-10.1693, 0.442093, -2.32883
-0.395614-0.2562161.68684
-10.1693, 0.442093, -2.32883
-0.395614-0.2562161.68684
-10.1693, 0.442093, -2.32883
-0.391083-0.2634031.68362
-9.49324, 0.363541, -1.52426
-0.391083-0.2634031.68362
-9.49324, 0.363541, -1.52426
-0.391083-0.2634031.68362
-9.49324, 0.363541, -1.52426
-0.391083-0.2634031.68362
-9.49324, 0.363541, -1.52426
-0.390487-0.2712771.67894
-10.2288, 0.070755, -1.09103
-0.390487-0.2712771.67894
-10.2288, 0.070755, -1.09103
-0.390487-0.2712771.67894
-10.2288, 0.070755, -1.09103
-0.390487-0.2712771.67894
-10.2288, 0.070755, -1.09103
-0.39158-0.2784011.67461
-11.2976, -0.73381, -0.998199
-0.39158-0.2784011.67461
-11.2976, -0.73381, -0.998199
-0.39158-0.2784011.67461
-11.2976, -0.73381, -0.998199
-0.39158-0.2784011.67461
-11.2976, -0.73381, -0.998199
-0.392648-0.2846971.67189
-12.802, -1.85497, -1.77896
-0.392648-0.2846971.67189
-12.802, -1.85497, -1.77896
-0.392648-0.2846971.67189
-12.802, -1.85497, -1.77896
-0.392859-0.2921941.67054
-13.3542, -3.42839, -3.57614
-0.392859-0.2921941.67054
-13.3542, -3.42839, -3.57614
-0.392859-0.2921941.67054
-13.3542, -3.42839, -3.57614
-0.392859-0.2921941.67054
-13.3542, -3.42839, -3.57614
-0.39491-0.3051521.6666
-13.0305, -4.30437, -3.71182
-0.39491-0.3051521.6666
-13.0305, -4.30437, -3.71182
-0.39491-0.3051521.6666
-13.0305, -4.30437, -3.71182
-0.39491-0.3051521.6666
-13.0305, -4.30437, -3.71182
-0.404834-0.3278991.65434
-7.32234, -2.81187, 2.0582
-0.404834-0.3278991.65434
-7.32234, -2.81187, 2.0582
-0.404834-0.3278991.65434
-7.32234, -2.81187, 2.0582
-0.404834-0.3278991.65434
-7.32234, -2.81187, 2.0582
-0.424726-0.357841.63721
-3.92317, -1.82402, 3.14127
-0.424726-0.357841.63721
-3.92317, -1.82402, 3.14127
-0.445306-0.3853151.62509
-5.26094, -1.03136, -0.902985
-0.456566-0.3957291.62679
-6.98433, 1.29427, -1.38382
-0.456566-0.3957291.62679
-6.98433, 1.29427, -1.38382
-0.456566-0.3957291.62679
-6.98433, 1.29427, -1.38382
-0.467982-0.3922781.63522
-6.98433, 1.29427, -1.38382
-0.467982-0.3922781.63522
-7.27711, 3.4604, 1.99155
-0.467982-0.3922781.63522
-7.27711, 3.4604, 1.99155
-0.467982-0.3922781.63522
-7.27711, 3.4604, 1.99155
-0.467982-0.3922781.63522
-7.27711, 3.4604, 1.99155
-0.484788-0.3831431.64336
-6.3821, 4.67677, 0.689484
-0.484788-0.3831431.64336
-6.3821, 4.67677, 0.689484
-0.496995-0.3699811.65357
-6.3821, 4.67677, 0.689484
-0.496995-0.3699811.65357
-6.3821, 4.67677, 0.689484
-0.496995-0.3699811.65357
-8.61012, 6.69057, -1.36716
-0.496995-0.3699811.65357
-8.61012, 6.69057, -1.36716
-0.496995-0.3699811.65357
-8.61012, 6.69057, -1.36716
-0.496995-0.3699811.65357
-8.61012, 6.69057, -1.36716
-0.504418-0.3504821.66779
-19.5908, 17.4022, 0.441925
-0.504418-0.3504821.66779
-19.5908, 17.4022, 0.441925
-0.504418-0.3504821.66779
-19.5908, 17.4022, 0.441925
-0.504418-0.3504821.66779
-19.5908, 17.4022, 0.441925
-0.520521-0.3410191.6683
-15.168, 12.7938, 13.0484
-0.520521-0.3410191.6683
-15.168, 12.7938, 13.0484
-0.520521-0.3410191.6683
-15.168, 12.7938, 13.0484
-0.520521-0.3410191.6683
-15.168, 12.7938, 13.0484
-0.538388-0.382141.64181
2.09679, 14.0031, 5.39786
-0.538388-0.382141.64181
2.09679, 14.0031, 5.39786
-0.538388-0.382141.64181
2.09679, 14.0031, 5.39786
-0.538388-0.382141.64181
2.09679, 14.0031, 5.39786
-0.518056-0.4473931.61346
-1.54756, 9.48988, 1.22507
-0.518056-0.4473931.61346
-1.54756, 9.48988, 1.22507
-0.518056-0.4473931.61346
-1.54756, 9.48988, 1.22507
-0.518056-0.4473931.61346
-1.54756, 9.48988, 1.22507
-0.475469-0.4771471.63194
-3.9922, 5.41469, -9.2438
-0.475469-0.4771471.63194
-3.9922, 5.41469, -9.2438
-0.475469-0.4771471.63194
-3.9922, 5.41469, -9.2438
-0.475469-0.4771471.63194
-3.9922, 5.41469, -9.2438
-0.423273-0.4601771.69134
-7.06764, 5.82173, -11.6242
-0.423273-0.4601771.69134
-7.06764, 5.82173, -11.6242
-0.423273-0.4601771.69134
-7.06764, 5.82173, -11.6242
-0.423273-0.4601771.69134
-7.06764, 5.82173, -11.6242
-0.393545-0.4303911.748
-6.02028, 5.69557, -8.12503
-0.393545-0.4303911.748
-6.02028, 5.69557, -8.12503
-0.393545-0.4303911.748
-6.02028, 5.69557, -8.12503
-0.393545-0.4303911.748
-6.02028, 5.69557, -8.12503
-0.397894-0.4149091.77481
-5.07765, 6.5287, -2.18124
-0.397894-0.4149091.77481
-5.07765, 6.5287, -2.18124
-0.397894-0.4149091.77481
-5.07765, 6.5287, -2.18124
-0.422436-0.4154271.77927
-5.07765, 6.5287, -2.18124
-0.422436-0.4154271.77927
-3.57802, 7.41658, 0.946564
-0.422436-0.4154271.77927
-3.57802, 7.41658, 0.946564
-0.422436-0.4154271.77927
-3.57802, 7.41658, 0.946564
-0.451126-0.4218281.77237
-3.57802, 7.41658, 0.946564
-0.451126-0.4218281.77237
-5.23, 7.59273, 1.79398
-0.451126-0.4218281.77237
-5.23, 7.59273, 1.79398
-0.451126-0.4218281.77237
-5.23, 7.59273, 1.79398
-0.451126-0.4218281.77237
-5.23, 7.59273, 1.79398
-0.470913-0.4243251.76713
-7.44136, 6.75246, -1.43857
-0.470913-0.4243251.76713
-7.44136, 6.75246, -1.43857
-0.470913-0.4243251.76713
-7.44136, 6.75246, -1.43857
-0.4815-0.4181071.76881
-7.44136, 6.75246, -1.43857
-0.4815-0.4181071.76881
-9.18617, 6.93813, -2.39786
-0.4815-0.4181071.76881
-9.18617, 6.93813, -2.39786
-0.4815-0.4181071.76881
-9.18617, 6.93813, -2.39786
-0.4815-0.4181071.76881
-9.18617, 6.93813, -2.39786
-0.489886-0.4097191.77341
-8.7101, 7.01668, 0.549042
-0.489886-0.4097191.77341
-8.7101, 7.01668, 0.549042
-0.499982-0.4091091.77159
-8.7101, 7.01668, 0.549042
-0.499982-0.4091091.77159
-8.7101, 7.01668, 0.549042
-0.499982-0.4091091.77159
-5.84889, 7.10713, 0.741852
-0.499982-0.4091091.77159
-5.84889, 7.10713, 0.741852
-0.499982-0.4091091.77159
-5.84889, 7.10713, 0.741852
-0.499982-0.4091091.77159
-5.84889, 7.10713, 0.741852
-0.505423-0.4164951.7639
-4.13741, 6.72151, -1.8718
-0.505423-0.4164951.7639
-4.13741, 6.72151, -1.8718
-0.505423-0.4164951.7639
-4.13741, 6.72151, -1.8718
-0.505423-0.4164951.7639
-4.13741, 6.72151, -1.8718
-0.505182-0.4214761.75964
-6.61537, 6.96669, -1.59567
-0.505182-0.4214761.75964
-6.61537, 6.96669, -1.59567
-0.505182-0.4214761.75964
-6.61537, 6.96669, -1.59567
-0.505182-0.4214761.75964
-6.61537, 6.96669, -1.59567
-0.507847-0.4173631.75785
-10.4954, 6.0074, 3.78397
-0.507847-0.4173631.75785
-10.4954, 6.0074, 3.78397
-0.507847-0.4173631.75785
-10.4954, 6.0074, 3.78397
-0.507847-0.4173631.75785
-10.4954, 6.0074, 3.78397
-0.511508-0.4079141.75759
-10.1645, 4.41017, 0.72757
-0.511508-0.4079141.75759
-10.1645, 4.41017, 0.72757
-0.511508-0.4079141.75759
-10.1645, 4.41017, 0.72757
-0.511508-0.4079141.75759
-10.1645, 4.41017, 0.72757
-0.498816-0.4017891.75804
-7.85316, 3.79128, -3.6904
-0.498816-0.4017891.75804
-7.85316, 3.79128, -3.6904
-0.498816-0.4017891.75804
-7.85316, 3.79128, -3.6904
-0.498816-0.4017891.75804
-7.85316, 3.79128, -3.6904
-0.47338-0.4010561.75849
-6.14644, 3.03194, -3.64517
-0.47338-0.4010561.75849
-6.14644, 3.03194, -3.64517
-0.47338-0.4010561.75849
-6.14644, 3.03194, -3.64517
-0.47338-0.4010561.75849
-6.14644, 3.03194, -3.64517
-0.453547-0.3994581.75708
-9.91695, 2.42494, -2.40024
-0.453547-0.3994581.75708
-9.91695, 2.42494, -2.40024
-0.453547-0.3994581.75708
-9.91695, 2.42494, -2.40024
-0.453547-0.3994581.75708
-9.91695, 2.42494, -2.40024
-0.445272-0.388941.75509
-11.9331, 1.90364, -0.124603
-0.445272-0.388941.75509
-11.9331, 1.90364, -0.124603
-0.445272-0.388941.75509
-11.9331, 1.90364, -0.124603
-0.445272-0.388941.75509
-11.9331, 1.90364, -0.124603
-0.441246-0.373111.75413
-12.2259, 1.17049, 0.85611
-0.441246-0.373111.75413
-12.2259, 1.17049, 0.85611
-0.441246-0.373111.75413
-12.2259, 1.17049, 0.85611
-0.441246-0.373111.75413
-12.2259, 1.17049, 0.85611
-0.431906-0.3628671.74933
-10.7644, 0.463516, -2.46451
-0.431906-0.3628671.74933
-10.7644, 0.463516, -2.46451
-0.431906-0.3628671.74933
-10.7644, 0.463516, -2.46451
-0.431906-0.3628671.74933
-10.7644, 0.463516, -2.46451
-0.414769-0.3584851.74152
-9.66701, -0.107773, -3.25717
-0.414769-0.3584851.74152
-9.66701, -0.107773, -3.25717
-0.414769-0.3584851.74152
-9.66701, -0.107773, -3.25717
-0.399872-0.3551441.73698
-9.66701, -0.107773, -3.25717
-0.399872-0.3551441.73698
-9.87886, -0.322006, -0.81015
-0.399872-0.3551441.73698
-9.87886, -0.322006, -0.81015
-0.399872-0.3551441.73698
-9.87886, -0.322006, -0.81015
-0.399872-0.3551441.73698
-9.87886, -0.322006, -0.81015
-0.394531-0.3494771.73157
-11.3809, -0.252975, 0.894196
-0.394531-0.3494771.73157
-11.3809, -0.252975, 0.894196
-0.392086-0.3418921.72316
-11.3809, -0.252975, 0.894196
-0.392086-0.3418921.72316
-11.3809, -0.252975, 0.894196
-0.392086-0.3418921.72316
-11.4666, -0.274399, -1.06009
-0.392086-0.3418921.72316
-11.4666, -0.274399, -1.06009
-0.392086-0.3418921.72316
-11.4666, -0.274399, -1.06009
-0.392086-0.3418921.72316
-11.4666, -0.274399, -1.06009
-0.384728-0.3349991.71566
-10.7596, -0.248215, -2.3931
-0.384728-0.3349991.71566
-10.7596, -0.248215, -2.3931
-0.384728-0.3349991.71566
-10.7596, -0.248215, -2.3931
-0.384728-0.3349991.71566
-10.7596, -0.248215, -2.3931
-0.375892-0.3306071.71143
-10.1954, 0.703934, -2.46927
-0.375892-0.3306071.71143
-10.1954, 0.703934, -2.46927
-0.375892-0.3306071.71143
-10.1954, 0.703934, -2.46927
-0.375892-0.3306071.71143
-10.1954, 0.703934, -2.46927
-0.371845-0.3276911.7074
-10.0741, 0.932449, -1.06009
-0.371845-0.3276911.7074
-10.0741, 0.932449, -1.06009
-0.371845-0.3276911.7074
-10.0741, 0.932449, -1.06009
-0.371845-0.3276911.7074
-10.0741, 0.932449, -1.06009
-0.374148-0.3253931.70358
-9.42897, 1.42519, -0.80777
-0.374148-0.3253931.70358
-9.42897, 1.42519, -0.80777
-0.374148-0.3253931.70358
-9.42897, 1.42519, -0.80777
-0.374148-0.3253931.70358
-9.42897, 1.42519, -0.80777
-0.377965-0.3228571.70019
-9.60274, 1.73225, -1.39334
-0.377965-0.3228571.70019
-9.60274, 1.73225, -1.39334
-0.377965-0.3228571.70019
-9.60274, 1.73225, -1.39334
-0.377965-0.3228571.70019
-9.60274, 1.73225, -1.39334
-0.381476-0.3193941.69902
-9.70271, 1.91792, -1.11008
-0.381476-0.3193941.69902
-9.70271, 1.91792, -1.11008
-0.381476-0.3193941.69902
-9.70271, 1.91792, -1.11008
-0.381476-0.3193941.69902
-9.70271, 1.91792, -1.11008
-0.385669-0.3156831.69925
-9.06001, 2.36781, -0.691132
-0.385669-0.3156831.69925
-9.06001, 2.36781, -0.691132
-0.385669-0.3156831.69925
-9.06001, 2.36781, -0.691132
-0.385669-0.3156831.69925
-9.06001, 2.36781, -0.691132
-0.389882-0.3140591.69773
-8.70534, 2.64156, -0.831573
-0.389882-0.3140591.69773
-8.70534, 2.64156, -0.831573
-0.389882-0.3140591.69773
-8.70534, 2.64156, -0.831573
-0.389882-0.3140591.69773
-8.70534, 2.64156, -0.831573
-0.393624-0.3142681.69476
-8.18166, 2.99861, -0.42691
-0.393624-0.3142681.69476
-8.18166, 2.99861, -0.42691
-0.393624-0.3142681.69476
-8.18166, 2.99861, -0.42691
-0.393624-0.3142681.69476
-8.18166, 2.99861, -0.42691
-0.396922-0.3140211.6923
-9.05049, 3.08907, -0.536407
-0.396922-0.3140211.6923
-9.05049, 3.08907, -0.536407
-0.396922-0.3140211.6923
-9.05049, 3.08907, -0.536407
-0.396922-0.3140211.6923
-9.05049, 3.08907, -0.536407
-0.399248-0.3116381.69105
-9.66225, 3.13905, -0.81015
-0.399248-0.3116381.69105
-9.66225, 3.13905, -0.81015
-0.399248-0.3116381.69105
-9.66225, 3.13905, -0.81015
-0.399248-0.3116381.69105
-9.66225, 3.13905, -0.81015
-0.40127-0.3079531.6904
-9.44563, 3.39375, -0.353119
-0.40127-0.3079531.6904
-9.44563, 3.39375, -0.353119
-0.40127-0.3079531.6904
-9.44563, 3.39375, -0.353119
-0.40127-0.3079531.6904
-9.44563, 3.39375, -0.353119
-0.403312-0.3055611.68939
-9.19569, 3.26759, -0.531647
-0.403312-0.3055611.68939
-9.19569, 3.26759, -0.531647
-0.404909-0.3043091.68873
-9.19569, 3.26759, -0.531647
-0.404909-0.3043091.68873
-9.19569, 3.26759, -0.531647
-0.404909-0.3043091.68873
-9.54085, 3.30806, -0.87204
-0.404909-0.3043091.68873
-9.54085, 3.30806, -0.87204
-0.404909-0.3043091.68873
-9.54085, 3.30806, -0.87204
-0.404909-0.3043091.68873
-9.54085, 3.30806, -0.87204
-0.406079-0.3028731.68854
-9.63844, 3.17952, -0.29837
-0.406079-0.3028731.68854
-9.63844, 3.17952, -0.29837
-0.406079-0.3028731.68854
-9.63844, 3.17952, -0.29837
-0.406079-0.3028731.68854
-9.63844, 3.17952, -0.29837
-0.408604-0.3016731.68753
-9.39803, 3.21761, -0.224579
-0.408604-0.3016731.68753
-9.39803, 3.21761, -0.224579
-0.408604-0.3016731.68753
-9.39803, 3.21761, -0.224579
-0.410814-0.3008821.68581
-9.39803, 3.21761, -0.224579
-0.410814-0.3008821.68581
-9.41945, 3.05336, -0.674469
-0.410814-0.3008821.68581
-9.41945, 3.05336, -0.674469
-0.410814-0.3008821.68581
-9.41945, 3.05336, -0.674469
-0.410814-0.3008821.68581
-9.41945, 3.05336, -0.674469
-0.41093-0.2998171.68478
-9.80745, 2.95338, -1.13388
-0.41093-0.2998171.68478
-9.80745, 2.95338, -1.13388
-0.41093-0.2998171.68478
-9.80745, 2.95338, -1.13388
-0.41093-0.2998171.68478
-9.80745, 2.95338, -1.13388
-0.410482-0.297991.68468
-9.63368, 2.93434, -1.32907
-0.410482-0.297991.68468
-9.63368, 2.93434, -1.32907
-0.410482-0.297991.68468
-9.63368, 2.93434, -1.32907
-0.410482-0.297991.68468
-9.63368, 2.93434, -1.32907
-0.410758-0.2966191.68398
-9.42183, 2.9153, -0.753021
-0.410758-0.2966191.68398
-9.42183, 2.9153, -0.753021
-0.410758-0.2966191.68398
-9.42183, 2.9153, -0.753021
-0.410758-0.2966191.68398
-9.42183, 2.9153, -0.753021
-0.412033-0.2963161.68212
-9.86934, 3.02718, -0.393585
-0.412033-0.2963161.68212
-9.86934, 3.02718, -0.393585
-0.412033-0.2963161.68212
-9.86934, 3.02718, -0.393585
-0.412033-0.2963161.68212
-9.86934, 3.02718, -0.393585
-0.413317-0.2957321.67994
-9.85506, 2.98195, -1.06485
-0.413317-0.2957321.67994
-9.85506, 2.98195, -1.06485
-0.413317-0.2957321.67994
-9.85506, 2.98195, -1.06485
-0.413317-0.2957321.67994
-9.85506, 2.98195, -1.06485
-0.414137-0.2949351.67841
-9.41707, 2.99147, -1.35764
-0.414137-0.2949351.67841
-9.41707, 2.99147, -1.35764
-0.414137-0.2949351.67841
-9.41707, 2.99147, -1.35764
-0.414137-0.2949351.67841
-9.41707, 2.99147, -1.35764
-0.414598-0.2952441.6774
-9.07191, 3.02956, -0.698273
-0.414598-0.2952441.6774
-9.07191, 3.02956, -0.698273
-0.414598-0.2952441.6774
-9.07191, 3.02956, -0.698273
-0.414598-0.2952441.6774
-9.07191, 3.02956, -0.698273
-0.416329-0.2963321.67629
-9.2552, 3.0248, -0.453094
-0.416329-0.2963321.67629
-9.2552, 3.0248, -0.453094
-0.416329-0.2963321.67629
-9.2552, 3.0248, -0.453094
-0.416329-0.2963321.67629
-9.2552, 3.0248, -0.453094
-0.418137-0.2970371.67535
-9.44325, 2.80104, -0.922028
-0.418137-0.2970371.67535
-9.44325, 2.80104, -0.922028
-0.418137-0.2970371.67535
-9.44325, 2.80104, -0.922028
-0.418137-0.2970371.67535
-9.44325, 2.80104, -0.922028
-0.418506-0.2972661.67509
-8.92909, 2.87959, -1.20767
-0.418506-0.2972661.67509
-8.92909, 2.87959, -1.20767
-0.418454-0.2976541.6748
-8.92909, 2.87959, -1.20767
-0.418454-0.2976541.6748
-8.92909, 2.87959, -1.20767
-0.418454-0.2976541.6748
-9.21712, 2.96291, -0.707794
-0.418454-0.2976541.6748
-9.21712, 2.96291, -0.707794
-0.418454-0.2976541.6748
-9.21712, 2.96291, -0.707794
-0.418454-0.2976541.6748
-9.21712, 2.96291, -0.707794
-0.419536-0.298031.67389
-8.94337, 3.05336, -1.12674
-0.419536-0.298031.67389
-8.94337, 3.05336, -1.12674
-0.419536-0.298031.67389
-8.94337, 3.05336, -1.12674
-0.419536-0.298031.67389
-8.94337, 3.05336, -1.12674
-0.42048-0.2976311.67274
-9.24092, 3.28426, -0.545929
-0.42048-0.2976311.67274
-9.24092, 3.28426, -0.545929
-0.42048-0.2976311.67274
-9.24092, 3.28426, -0.545929
-0.422206-0.2967931.67151
-9.24092, 3.28426, -0.545929
-0.422206-0.2967931.67151
-9.40279, 3.2057, -0.762543
-0.422206-0.2967931.67151
-9.40279, 3.2057, -0.762543
-0.422206-0.2967931.67151
-9.40279, 3.2057, -0.762543
-0.422206-0.2967931.67151
-9.40279, 3.2057, -0.762543
-0.423343-0.2957751.67025
-9.33138, 3.14857, -1.05533
-0.423343-0.2957751.67025
-9.33138, 3.14857, -1.05533
-0.423343-0.2957751.67025
-9.33138, 3.14857, -1.05533
-0.423343-0.2957751.67025
-9.33138, 3.14857, -1.05533
-0.423522-0.2948941.67007
-9.36946, 3.16286, -1.29337
-0.423522-0.2948941.67007
-9.36946, 3.16286, -1.29337
-0.423522-0.2948941.67007
-9.36946, 3.16286, -1.29337
-0.423522-0.2948941.67007
-9.36946, 3.16286, -1.29337
-0.424487-0.2951211.67028
-9.76936, 2.91768, -1.06009
-0.424487-0.2951211.67028
-9.76936, 2.91768, -1.06009
-0.424487-0.2951211.67028
-9.76936, 2.91768, -1.06009
-0.424487-0.2951211.67028
-9.76936, 2.91768, -1.06009
-0.427813-0.2955721.6711
-9.47658, 2.87959, -0.579254
-0.427813-0.2955721.6711
-9.47658, 2.87959, -0.579254
-0.427813-0.2955721.6711
-9.47658, 2.87959, -0.579254
-0.427813-0.2955721.6711
-9.47658, 2.87959, -0.579254
-0.429693-0.295611.67046
-9.41469, 2.67964, -0.265045
-0.429693-0.295611.67046
-9.41469, 2.67964, -0.265045
-0.429693-0.295611.67046
-9.41469, 2.67964, -0.265045
-0.429693-0.295611.67046
-9.41469, 2.67964, -0.265045
-0.429856-0.2962481.66828
-9.5099, 2.69392, -0.598297
-0.429856-0.2962481.66828
-9.5099, 2.69392, -0.598297
-0.429856-0.2962481.66828
-9.5099, 2.69392, -0.598297
-0.429856-0.2962481.66828
-9.5099, 2.69392, -0.598297
-0.428156-0.2957211.66588
-9.77888, 2.75343, -0.48642
-0.428156-0.2957211.66588
-9.77888, 2.75343, -0.48642
-0.428156-0.2957211.66588
-9.77888, 2.75343, -0.48642
-0.428156-0.2957211.66588
-9.77888, 2.75343, -0.48642
-0.427582-0.2947631.66518
-9.60274, 2.9391, -0.612579
-0.427582-0.2947631.66518
-9.60274, 2.9391, -0.612579
-0.427582-0.2947631.66518
-9.60274, 2.9391, -0.612579
-0.427582-0.2947631.66518
-9.60274, 2.9391, -0.612579
-0.426951-0.294141.66391
-9.06953, 3.05812, -0.241241
-0.426951-0.294141.66391
-9.06953, 3.05812, -0.241241
-0.426951-0.294141.66391
-9.06953, 3.05812, -0.241241
-0.426951-0.294141.66391
-9.06953, 3.05812, -0.241241
-0.427304-0.2948521.66295
-9.14095, 3.10335, -0.643524
-0.427304-0.2948521.66295
-9.14095, 3.10335, -0.643524
-0.427304-0.2948521.66295
-9.14095, 3.10335, -0.643524
-0.427304-0.2948521.66295
-9.14095, 3.10335, -0.643524
-0.426991-0.2961841.66129
-9.17427, 3.0248, -1.23148
-0.426991-0.2961841.66129
-9.17427, 3.0248, -1.23148
-0.426991-0.2961841.66129
-9.17427, 3.0248, -1.23148
-0.426991-0.2961841.66129
-9.17427, 3.0248, -1.23148
-0.428087-0.2968591.66097
-9.27663, 2.97005, -0.707794
-0.428087-0.2968591.66097
-9.27663, 2.97005, -0.707794
-0.428087-0.2968591.66097
-9.27663, 2.97005, -0.707794
-0.428087-0.2968591.66097
-9.27663, 2.97005, -0.707794
-0.432928-0.2975691.66086
-9.33138, 3.02242, -0.472137
-0.432928-0.2975691.66086
-9.33138, 3.02242, -0.472137
-0.435908-0.2980791.65792
-9.33138, 3.02242, -0.472137
-0.435908-0.2980791.65792
-9.33138, 3.02242, -0.472137
-0.435908-0.2980791.65792
-9.6194, 3.07002, -1.00058
-0.435908-0.2980791.65792
-9.6194, 3.07002, -1.00058
-0.435908-0.2980791.65792
-9.6194, 3.07002, -1.00058
-0.435908-0.2980791.65792
-9.6194, 3.07002, -1.00058
-0.437887-0.2980121.65501
-9.45992, 2.90816, -0.950592
-0.437887-0.2980121.65501
-9.45992, 2.90816, -0.950592
-0.437887-0.2980121.65501
-9.45992, 2.90816, -0.950592
-0.437887-0.2980121.65501
-9.45992, 2.90816, -0.950592
-0.441879-0.29781.65472
-9.45992, 2.90816, -0.950592
-0.445677-0.2977461.65392
-8.88863, 3.01527, -0.788727
-0.445677-0.2977461.65392
-8.88863, 3.01527, -0.788727
-0.445677-0.2977461.65392
-8.88863, 3.01527, -0.788727
-0.445677-0.2977461.65392
-9.18141, 2.94148, -0.536407
-0.445677-0.2977461.65392
-9.18141, 2.94148, -0.536407
-0.445677-0.2977461.65392
-9.18141, 2.94148, -0.536407
-0.445677-0.2977461.65392
-9.18141, 2.94148, -0.536407
-0.450028-0.2983281.65194
-8.81721, 3.02242, -1.30051
-0.450028-0.2983281.65194
-8.81721, 3.02242, -1.30051
-0.450028-0.2983281.65194
-8.81721, 3.02242, -1.30051
-0.450028-0.2983281.65194
-8.81721, 3.02242, -1.30051
-0.453881-0.2978371.64894
-8.92433, 3.16286, -1.25766
-0.453881-0.2978371.64894
-8.92433, 3.16286, -1.25766
-0.453881-0.2978371.64894
-8.92433, 3.16286, -1.25766
-0.453881-0.2978371.64894
-8.92433, 3.16286, -1.25766
-0.462059-0.2979741.64811
-8.98384, 3.32948, -0.0603333
-0.462059-0.2979741.64811
-8.98384, 3.32948, -0.0603333
-0.462059-0.2979741.64811
-8.98384, 3.32948, -0.0603333
-0.462059-0.2979741.64811
-8.98384, 3.32948, -0.0603333
-0.47174-0.298761.64576
-9.18617, 3.12715, 0.234833
-0.47174-0.298761.64576
-9.18617, 3.12715, 0.234833
-0.47174-0.298761.64576
-9.18617, 3.12715, 0.234833
-0.47174-0.298761.64576
-9.18617, 3.12715, 0.234833
-0.475777-0.300071.6393
-9.25996, 2.90578, -0.476898
-0.475777-0.300071.6393
-9.25996, 2.90578, -0.476898
-0.475777-0.300071.6393
-9.25996, 2.90578, -0.476898
-0.475777-0.300071.6393
-9.25996, 2.90578, -0.476898
-0.476165-0.2998651.63256
-9.92885, 2.84865, 0.018219
-0.476165-0.2998651.63256
-9.92885, 2.84865, 0.018219
-0.476165-0.2998651.63256
-9.92885, 2.84865, 0.018219
-0.476165-0.2998651.63256
-9.92885, 2.84865, 0.018219
-0.477177-0.2981341.63004
-10.0669, 2.87483, -0.634003
-0.477177-0.2981341.63004
-10.0669, 2.87483, -0.634003
-0.477177-0.2981341.63004
-10.0669, 2.87483, -0.634003
-0.477177-0.2981341.63004
-10.0669, 2.87483, -0.634003
-0.475306-0.295341.62829
-9.82411, 2.60585, -0.729218
-0.475306-0.295341.62829
-9.82411, 2.60585, -0.729218
-0.475306-0.295341.62829
-9.82411, 2.60585, -0.729218
-0.475306-0.295341.62829
-9.82411, 2.60585, -0.729218
-0.476292-0.2936361.62955
-9.63844, 3.09383, 0.253876
-0.476292-0.2936361.62955
-9.63844, 3.09383, 0.253876
-0.477549-0.293121.62955
-9.63844, 3.09383, 0.253876
-0.477549-0.293121.62955
-9.63844, 3.09383, 0.253876
-0.477549-0.293121.62955
-9.30043, 2.89388, -0.315033
-0.477549-0.293121.62955
-9.30043, 2.89388, -0.315033
-0.477549-0.293121.62955
-9.30043, 2.89388, -0.315033
-0.477691-0.2942381.6297
-9.30043, 2.89388, -0.315033
-0.477691-0.2942381.6297
-9.62892, 2.86769, 0.037262
-0.477691-0.2942381.6297
-9.62892, 2.86769, 0.037262
-0.477691-0.2942381.6297
-9.62892, 2.86769, 0.037262
-0.477691-0.2942381.6297
-9.62892, 2.86769, 0.037262
-0.476526-0.2947581.63062
-9.68367, 2.64156, -0.29361
-0.476526-0.2947581.63062
-9.68367, 2.64156, -0.29361
-0.473088-0.2945831.62989
-9.68367, 2.64156, -0.29361
-0.473088-0.2945831.62989
-9.68367, 2.64156, -0.29361
-0.473088-0.2945831.62989
-9.70509, 2.77486, -0.410248
-0.473088-0.2945831.62989
-9.70509, 2.77486, -0.410248
-0.473088-0.2945831.62989
-9.70509, 2.77486, -0.410248
-0.473088-0.2945831.62989
-9.70509, 2.77486, -0.410248
-0.469807-0.2937731.63019
-9.01003, 3.00099, -0.641144
-0.469807-0.2937731.63019
-9.01003, 3.00099, -0.641144
-0.469807-0.2937731.63019
-9.01003, 3.00099, -0.641144
-0.469807-0.2937731.63019
-9.01003, 3.00099, -0.641144
-0.4672-0.293891.63076
-8.91719, 2.7939, -0.467377
-0.4672-0.293891.63076
-8.91719, 2.7939, -0.467377
-0.4672-0.293891.63076
-8.91719, 2.7939, -0.467377
-0.4672-0.293891.63076
-8.91719, 2.7939, -0.467377
-0.466602-0.2951371.63279
-9.31233, 2.79866, -0.531647
-0.466602-0.2951371.63279
-9.31233, 2.79866, -0.531647
-0.466602-0.2951371.63279
-9.31233, 2.79866, -0.531647
-0.466602-0.2951371.63279
-9.31233, 2.79866, -0.531647
-0.465106-0.294971.63367
-9.54799, 2.74867, -0.68399
-0.465106-0.294971.63367
-9.54799, 2.74867, -0.68399
-0.465106-0.294971.63367
-9.54799, 2.74867, -0.68399
-0.465106-0.294971.63367
-9.54799, 2.74867, -0.68399
-0.463266-0.2942571.63372
-10.036, 2.69868, -0.434052
-0.463266-0.2942571.63372
-10.036, 2.69868, -0.434052
-0.463266-0.2942571.63372
-10.036, 2.69868, -0.434052
-0.463266-0.2942571.63372
-10.036, 2.69868, -0.434052
-0.461649-0.293011.63419
-9.99074, 2.62727, -0.945831
-0.461649-0.293011.63419
-9.99074, 2.62727, -0.945831
-0.461649-0.293011.63419
-9.99074, 2.62727, -0.945831
-0.461649-0.293011.63419
-9.99074, 2.62727, -0.945831
-0.459938-0.292271.63409
-9.81935, 2.67012, -0.845856
-0.459938-0.292271.63409
-9.81935, 2.67012, -0.845856
-0.459938-0.292271.63409
-9.81935, 2.67012, -0.845856
-0.459938-0.292271.63409
-9.81935, 2.67012, -0.845856
-0.4586-0.2924911.63286
-9.43135, 2.84151, -0.343597
-0.4586-0.2924911.63286
-9.43135, 2.84151, -0.343597
-0.4586-0.2924911.63286
-9.43135, 2.84151, -0.343597
-0.4586-0.2924911.63286
-9.43135, 2.84151, -0.343597
-0.459051-0.2935411.63078
-9.3766, 2.87721, -0.0412903
-0.459051-0.2935411.63078
-9.3766, 2.87721, -0.0412903
-0.459051-0.2935411.63078
-9.3766, 2.87721, -0.0412903
-0.459051-0.2935411.63078
-9.3766, 2.87721, -0.0412903
-0.460094-0.2943181.62941
-9.52657, 2.6963, -0.722076
-0.460094-0.2943181.62941
-9.52657, 2.6963, -0.722076
-0.460094-0.2943181.62941
-9.52657, 2.6963, -0.722076
-0.460094-0.2943181.62941
-9.52657, 2.6963, -0.722076
-0.459877-0.2944321.62875
-9.39326, 2.8177, -0.769684
-0.459877-0.2944321.62875
-9.39326, 2.8177, -0.769684
-0.459877-0.2944321.62875
-9.39326, 2.8177, -0.769684
-0.459877-0.2944321.62875
-9.39326, 2.8177, -0.769684
-0.459934-0.2947721.62751
-9.10762, 2.89149, -0.395966
-0.459934-0.2947721.62751
-9.10762, 2.89149, -0.395966
-0.459934-0.2947721.62751
-9.10762, 2.89149, -0.395966
-0.459934-0.2947721.62751
-9.10762, 2.89149, -0.395966
-0.460937-0.295671.62505
-9.43135, 2.82961, -0.22934
-0.460937-0.295671.62505
-9.43135, 2.82961, -0.22934
-0.462322-0.2963671.62248
-9.43135, 2.82961, -0.22934
-0.462322-0.2963671.62248
-9.43135, 2.82961, -0.22934
-0.462322-0.2963671.62248
-9.52895, 2.80818, -0.310272
-0.462322-0.2963671.62248
-9.52895, 2.80818, -0.310272
-0.462322-0.2963671.62248
-9.52895, 2.80818, -0.310272
-0.462322-0.2963671.62248
-9.52895, 2.80818, -0.310272
-0.462378-0.2960481.62014
-9.2433, 2.73439, -0.42691
-0.462378-0.2960481.62014
-9.2433, 2.73439, -0.42691
-0.462378-0.2960481.62014
-9.2433, 2.73439, -0.42691
-0.462378-0.2960481.62014
-9.2433, 2.73439, -0.42691
-0.462224-0.2957961.61875
-9.02669, 2.91054, -0.0484314
-0.462224-0.2957961.61875
-9.02669, 2.91054, -0.0484314
-0.462224-0.2957961.61875
-9.02669, 2.91054, -0.0484314
-0.462808-0.2958531.6173
-9.02669, 2.91054, -0.0484314
-0.462808-0.2958531.6173
-9.18379, 2.96529, -0.117462
-0.462808-0.2958531.6173
-9.18379, 2.96529, -0.117462
-0.462556-0.2962461.61418
-9.18379, 2.96529, -0.117462
-0.462556-0.2962461.61418
-9.18379, 2.96529, -0.117462
-0.462556-0.2962461.61418
-9.62654, 2.91768, -0.143646
-0.462556-0.2962461.61418
-9.62654, 2.91768, -0.143646
-0.462556-0.2962461.61418
-9.62654, 2.91768, -0.143646
-0.462556-0.2962461.61418
-9.62654, 2.91768, -0.143646
-0.461683-0.2958111.6125
